0.2401315,-0.3393452,-0.2901227,0.5090017,0.7237051,-0.4266063,0.4007988,0.1290903,-0.0409297,-0.2061424,-0.1048006,-0.1142182,-0.2239676,0.2956626,0.05796613,0.01012399,0.1570303,0.06313951,0.08000208,0.05928153,-0.04249771,0.0690495
0.224096,-0.3443345,-0.2969008,0.5107105,0.7232356,-0.4270258,0.3965587,0.1295439,-0.03638064,-0.2071078,-0.09998518,-0.1180364,-0.2238178,0.2955972,0.05853443,0.01052956,0.1571658,0.06271186,0.0823829,0.06001182,-0.0434181,0.06968491
0.2074472,-0.3478151,-0.3078378,0.5178985,0.7213179,-0.4263901,0.3934185,0.1308427,-0.03297935,-0.208415,-0.09520259,-0.1218795,-0.2222754,0.2955548,0.05765299,0.01001474,0.1607057,0.06217114,0.08165162,0.06121448,-0.04519203,0.07194259
0.1765792,-0.374386,-0.3463534,0.5319603,0.6846647,-0.3968144,0.3846148,0.1329323,-0.02310658,-0.2172829,-0.0871791,-0.1267214,-0.2169848,0.2899951,0.05582753,0.009557424,0.1682254,0.05926518,0.07935859,0.06279502,-0.04320209,0.07355199
0.1620535,-0.3687837,-0.341842,0.5295038,0.7039056,-0.4066789,0.3851092,0.1315244,-0.02312297,-0.2287949,-0.08908382,-0.1274274,-0.2183217,0.2923348,0.05914794,0.01000877,0.1655942,0.06019841,0.08039887,0.06282025,-0.04125592,0.07845423
0.1423236,-0.3979454,-0.368017,0.5423741,0.6674702,-0.3770569,0.3729448,0.1331536,-0.01639295,-0.2370117,-0.0759647,-0.129815,-0.2138938,0.2875555,0.05960915,0.007082702,0.1690491,0.05874128,0.0757383,0.06187187,-0.04386742,0.07899413
0.1148473,-0.4102961,-0.3822211,0.5463877,0.6589847,-0.3732508,0.3659176,0.133812,-0.01338817,-0.240141,-0.06777104,-0.1326846,-0.2091691,0.2842183,0.05615873,0.006987614,0.1706697,0.05594115,0.07899498,0.06210748,-0.04323236,0.08068335
0.1012172,-0.4024703,-0.3786664,0.549616,0.6764711,-0.3838649,0.3673717,0.1359671,-0.0121904,-0.2373171,-0.06828687,-0.1356287,-0.2084956,0.2865738,0.05778776,0.008532472,0.172767,0.05320581,0.08223802,0.06230585,-0.04083236,0.08359446
0.08434569,-0.4279161,-0.4070211,0.5632614,0.646256,-0.3588683,0.3564686,0.137697,-0.007556675,-0.2395723,-0.05770937,-0.1395413,-0.2053888,0.2803795,0.0574003,0.007615596,0.1783407,0.04848452,0.08125833,0.06293842,-0.04349201,0.08653472
0.06755915,-0.4366913,-0.4147554,0.5688593,0.636355,-0.3517953,0.3520164,0.1383751,-0.004816996,-0.2438981,-0.05310906,-0.1434258,-0.2022498,0.2772929,0.05671616,0.006779881,0.18048,0.04809871,0.0821637,0.06354181,-0.04505093,0.08763307
0.04736046,-0.4362629,-0.4165319,0.5638561,0.6455755,-0.3487101,0.3367567,0.1369664,0.002802699,-0.2464167,-0.05313176,-0.1390872,-0.200764,0.2748592,0.05596752,0.00722867,0.1790841,0.04958704,0.08137434,0.0651496,-0.05030285,0.08754323
0.02201622,-0.453629,-0.4331735,0.5743291,0.6269286,-0.3336406,0.3318845,0.13424,0.01000216,-0.2530148,-0.04536609,-0.1413275,-0.1973497,0.2725855,0.05596782,0.007861708,0.1775302,0.04759337,0.0812251,0.06371336,-0.04812703,0.08918419
0.01837474,-0.4263118,-0.404642,0.5648277,0.675214,-0.3686605,0.3378752,0.1376974,0.009325205,-0.2546887,-0.05510641,-0.1400192,-0.1988861,0.2797644,0.05668397,0.009681107,0.1731184,0.04994904,0.08880743,0.06394889,-0.0476771,0.09105968
0.009025089,-0.4341438,-0.4077466,0.5726939,0.6708482,-0.3653378,0.3393328,0.1407969,0.009780682,-0.2544534,-0.05342625,-0.141791,-0.1991338,0.2800008,0.06010037,0.009875991,0.1744155,0.04770676,0.08804304,0.06303417,-0.04724438,0.09338188
-0.006562193,-0.4564475,-0.4262553,0.584475,0.6452199,-0.3438387,0.3367602,0.1423951,0.01452185,-0.260309,-0.04954981,-0.1440766,-0.1975687,0.2749914,0.06298616,0.006819497,0.1774575,0.04712392,0.0880556,0.06409431,-0.04978677,0.09293821
-0.01737483,-0.4645486,-0.4287726,0.5886726,0.6423956,-0.333115,0.3342194,0.1369936,0.01466476,-0.2614082,-0.05065852,-0.1407548,-0.1993242,0.2745999,0.06498867,0.00873974,0.1759721,0.04369403,0.08970904,0.06116018,-0.04789755,0.09393855
-0.02467851,-0.4685032,-0.429081,0.5944774,0.6415604,-0.3302346,0.3356986,0.1366856,0.01435948,-0.2614925,-0.05174321,-0.1395919,-0.2006402,0.2739213,0.06618186,0.008610927,0.1751298,0.0433331,0.08807886,0.05996161,-0.04849754,0.09499411
-0.03297412,-0.4815812,-0.4365346,0.6000161,0.6323355,-0.3243035,0.3361205,0.1375712,0.0182414,-0.2592902,-0.05032948,-0.1389869,-0.2013943,0.269733,0.06603917,0.007627368,0.173032,0.0436426,0.08815196,0.05914069,-0.04818724,0.09656006
-0.03870247,-0.4872322,-0.4196582,0.6005452,0.638433,-0.3383722,0.3296411,0.1316773,0.01389866,-0.2494107,-0.04715035,-0.138995,-0.2024756,0.259937,0.06330713,0.004771618,0.1624568,0.04829953,0.09379053,0.05493445,-0.04838871,0.1014873
-0.04114028,-0.5006377,-0.4262289,0.6068268,0.6238499,-0.3279468,0.3221547,0.1306966,0.01452848,-0.2439514,-0.04017867,-0.1407515,-0.2020988,0.2542729,0.0629274,0.004262118,0.164036,0.04605523,0.09150884,0.05346211,-0.04723352,0.1025337
-0.04375234,-0.5033216,-0.4184672,0.6100841,0.6217422,-0.32777,0.312564,0.131183,0.01620936,-0.2420421,-0.0395013,-0.1385493,-0.2014998,0.2522457,0.06312001,0.004379137,0.1646301,0.04866654,0.0891492,0.05238431,-0.05038799,0.1044299
-0.04252634,-0.4931803,-0.399266,0.6056319,0.6409283,-0.3350382,0.3085835,0.1294367,0.01932983,-0.2418366,-0.04349865,-0.138707,-0.2036051,0.256761,0.06326207,0.007091076,0.1620388,0.04644192,0.09244132,0.05246531,-0.04870331,0.1071402
-0.05033037,-0.5074824,-0.4009073,0.6116678,0.6319995,-0.3279121,0.3042993,0.1268604,0.02560348,-0.2427683,-0.04208838,-0.1390439,-0.2028689,0.2538007,0.06255547,0.00579937,0.1602532,0.04687968,0.09500054,0.05332725,-0.05024211,0.109048
-0.03853607,-0.4773988,-0.353802,0.5934585,0.6828055,-0.3654374,0.2991934,0.1289532,0.02061345,-0.2293284,-0.05063635,-0.1329846,-0.2045665,0.2550248,0.05675191,0.007801226,0.1532989,0.04975095,0.09763777,0.05321796,-0.05029218,0.1086175
-0.05443699,-0.5383122,-0.3952807,0.6292326,0.6073284,-0.3252394,0.2969244,0.1139612,0.03953052,-0.2455516,-0.03339137,-0.1351092,-0.2016133,0.2471995,0.05770134,0.003465064,0.1528232,0.0471662,0.09058092,0.04883641,-0.05112202,0.1174461
-0.06000745,-0.548228,-0.3956908,0.6319221,0.5999429,-0.3152469,0.2939017,0.1121537,0.04453084,-0.2480402,-0.02967508,-0.1342379,-0.2010784,0.2469044,0.05965519,0.004215517,0.1521224,0.04435101,0.0903582,0.04633017,-0.04904451,0.1190175
-0.06019824,-0.5491042,-0.3949578,0.6338177,0.5977688,-0.3149324,0.2915654,0.1123828,0.04709519,-0.2487562,-0.02918807,-0.1339672,-0.2007734,0.2460905,0.06101075,0.004368067,0.1527298,0.04371979,0.08860738,0.04563968,-0.04916884,0.1213032
-0.06275198,-0.5619311,-0.3974268,0.6346335,0.5888772,-0.3083378,0.2901884,0.1121154,0.05305784,-0.2500753,-0.02600729,-0.1369938,-0.2012315,0.2435168,0.06242907,0.002950731,0.1505471,0.04290903,0.09292122,0.04489826,-0.04890647,0.12294
-0.06984539,-0.5672924,-0.3926537,0.6363914,0.5839465,-0.3076295,0.2877719,0.1098071,0.05911919,-0.2521127,-0.02142042,-0.1405281,-0.1999698,0.2428094,0.06193488,0.002854764,0.149264,0.0412076,0.09529992,0.04326444,-0.04889841,0.1243455
-0.06587712,-0.5506662,-0.3709719,0.6295895,0.6114352,-0.3259864,0.2881513,0.1085829,0.05666758,-0.2476404,-0.02597457,-0.1387055,-0.2011137,0.2455288,0.06105622,0.004604189,0.1458268,0.040502,0.09811599,0.04109431,-0.04724904,0.127296
-0.06577108,-0.5536879,-0.3660223,0.6328815,0.6020753,-0.3219827,0.283837,0.1036725,0.06055525,-0.247662,-0.02286959,-0.1415129,-0.1989948,0.2448718,0.06010589,0.005752707,0.1460913,0.03652977,0.09908963,0.0394987,-0.04564569,0.128177
-0.05688861,-0.5301384,-0.3385834,0.6235601,0.6297466,-0.3378902,0.2793924,0.1042741,0.05742038,-0.2440041,-0.02666061,-0.1379136,-0.1990422,0.2478805,0.06074756,0.007357328,0.1440703,0.03840205,0.09791601,0.03781744,-0.04644421,0.12956
-0.05484696,-0.5315588,-0.3335818,0.6250207,0.6232342,-0.3345497,0.2799531,0.1092573,0.06792623,-0.243604,-0.02677028,-0.1367555,-0.1991337,0.2469562,0.06085131,0.006736628,0.14512,0.03841008,0.09533542,0.03510173,-0.04814039,0.129998
-0.07654778,-0.5797342,-0.3625945,0.6498864,0.5673391,-0.2905383,0.2706378,0.1062673,0.0779668,-0.2568164,-0.007927506,-0.1397066,-0.1936983,0.2402527,0.06128092,0.006262117,0.1506096,0.03304425,0.08834734,0.03294462,-0.04549861,0.135269
-0.08023848,-0.5878132,-0.3610734,0.6491429,0.5609271,-0.2896626,0.2622428,0.0974946,0.07363965,-0.2553428,-0.001078563,-0.1398764,-0.191401,0.2348741,0.05723886,0.005137665,0.1444335,0.03266805,0.08768824,0.03190342,-0.04471181,0.1381204
-0.07537877,-0.5927553,-0.3577527,0.6521469,0.5583063,-0.2890886,0.2617535,0.09851763,0.07691678,-0.257128,0.000423504,-0.1417444,-0.1910678,0.2329087,0.0567528,0.004273937,0.1457533,0.03128897,0.08778948,0.03177051,-0.04503213,0.1426889
-0.08359769,-0.6026623,-0.3730055,0.6697683,0.5267804,-0.2737162,0.2613889,0.09266603,0.09264624,-0.2735486,-3.845617e-05,-0.1383654,-0.1914023,0.2392244,0.06251941,0.003928502,0.1505192,0.03046871,0.08087832,0.03270284,-0.05029206,0.1478276
-0.08498452,-0.6068372,-0.3720835,0.6708409,0.5303614,-0.2737492,0.2586949,0.09272635,0.09456301,-0.2723482,0.0009140273,-0.1368071,-0.1912992,0.2389087,0.06214492,0.004424291,0.1503013,0.02765217,0.08086745,0.03195335,-0.05032342,0.1503836
-0.07653075,-0.5958734,-0.3581195,0.6677613,0.5378969,-0.2724754,0.2490583,0.09918055,0.09088386,-0.2648398,-0.0004732652,-0.134607,-0.1882117,0.234993,0.05787545,0.004806716,0.1512889,0.02599625,0.08177742,0.030134,-0.0496015,0.1501683
-0.07280894,-0.5863052,-0.3375019,0.6622334,0.5609074,-0.2919447,0.2485221,0.09262642,0.09193183,-0.2655686,-0.005881502,-0.1303959,-0.1886892,0.232866,0.05424134,0.005530836,0.1453261,0.02716129,0.0837153,0.02896319,-0.04858047,0.1527461
-0.07271054,-0.5862077,-0.3333576,0.6662613,0.5578708,-0.2910591,0.2477961,0.09262737,0.09810608,-0.2687081,-0.006195357,-0.1294839,-0.1872898,0.2327733,0.05317572,0.005777638,0.1453043,0.02608908,0.08370883,0.02793075,-0.0497227,0.1546991
-0.07210357,-0.5788993,-0.3186096,0.6654944,0.5656621,-0.292333,0.2394789,0.08823844,0.09372283,-0.2671353,-0.007801972,-0.1255171,-0.1844408,0.228651,0.05153821,0.007277349,0.1429582,0.02298102,0.08466365,0.02623627,-0.04756868,0.1556889
-0.08676346,-0.6107192,-0.3404774,0.6878836,0.508599,-0.2501017,0.2399828,0.0973449,0.1178637,-0.2768785,0.002521309,-0.1242906,-0.1796424,0.2254648,0.05347096,0.006521876,0.14936,0.01982031,0.07587581,0.02011169,-0.05083678,0.1551804
-0.08902565,-0.6184108,-0.3270367,0.6915545,0.5146381,-0.2587191,0.2286809,0.08722778,0.1073217,-0.2670776,0.006805263,-0.122215,-0.1790703,0.2169598,0.04852093,0.006120762,0.1408785,0.01976312,0.0754788,0.01847007,-0.05033473,0.1607336
-0.09186581,-0.6199308,-0.3245232,0.6938798,0.5137921,-0.2596744,0.2239689,0.08646905,0.1067079,-0.2668049,0.007956613,-0.1208603,-0.1768848,0.2155171,0.04916959,0.00763613,0.1413933,0.01758142,0.0736473,0.01844537,-0.04912192,0.1611261
-0.09359711,-0.6256952,-0.3201009,0.6929234,0.5165951,-0.2621019,0.2207845,0.08089308,0.106119,-0.2676647,0.009274968,-0.1183784,-0.1776686,0.2140601,0.04795022,0.006112232,0.1376932,0.01760386,0.07399756,0.01755609,-0.04730199,0.1618594
-0.0881317,-0.6145792,-0.3038469,0.6883965,0.5310101,-0.2700133,0.217303,0.07671002,0.1101933,-0.2691467,0.004506027,-0.1138925,-0.1785689,0.2149161,0.04769186,0.005278649,0.1354675,0.01838734,0.07401491,0.01478065,-0.04882143,0.1632351
-0.08839518,-0.6047421,-0.2908325,0.6869178,0.5397581,-0.2778643,0.2148743,0.08123893,0.1110457,-0.2682115,0.005859116,-0.1139767,-0.1770283,0.2171385,0.04822703,0.005864103,0.1346998,0.0159448,0.07424293,0.01289353,-0.04858335,0.16387
-0.09627017,-0.6207439,-0.3085981,0.6850827,0.5278649,-0.2659159,0.2104483,0.07708009,0.115057,-0.2698695,0.01076549,-0.1114413,-0.176583,0.2141049,0.04861287,0.004497405,0.1355799,0.01322071,0.06987131,0.01306415,-0.04762665,0.1661739
-0.1026144,-0.6246603,-0.3319761,0.6852658,0.5037917,-0.2486223,0.2051269,0.08418076,0.1185128,-0.2649744,0.01497476,-0.1154685,-0.1727002,0.2046846,0.04967554,0.004279374,0.1399676,0.01354332,0.07101741,0.01688267,-0.05133892,0.1596395
-0.09629927,-0.5939255,-0.3177862,0.6659539,0.5494362,-0.285634,0.2133921,0.08263616,0.112034,-0.2562718,0.006187797,-0.1136313,-0.1789275,0.2096021,0.0537146,0.005464011,0.1341568,0.01283496,0.07328605,0.01362698,-0.05016396,0.1626957
-0.101485,-0.6037014,-0.3371057,0.6585929,0.5411816,-0.2791834,0.2104028,0.07780652,0.1112455,-0.255744,0.01192378,-0.1145405,-0.1781493,0.207203,0.05363237,0.004215824,0.134588,0.01085467,0.07302056,0.01329872,-0.04829705,0.1626319
-0.10454,-0.6014528,-0.3425387,0.6544466,0.544754,-0.2823264,0.2116428,0.07694713,0.1145175,-0.2556929,0.01275381,-0.1146242,-0.1785028,0.2069985,0.05512315,0.004827172,0.1343562,0.0107141,0.07168609,0.01264607,-0.04899632,0.1625923
-0.1218469,-0.6068249,-0.3718774,0.6550915,0.5285027,-0.260876,0.202087,0.08195642,0.1145665,-0.2670328,0.02276602,-0.1146222,-0.1782758,0.2129772,0.06020843,0.006060936,0.1399645,0.009771508,0.06696339,0.01303197,-0.05226321,0.1572308
-0.125464,-0.6139649,-0.3785793,0.6532868,0.5350749,-0.2657932,0.2024441,0.08507878,0.1172722,-0.2627202,0.02614236,-0.1148143,-0.1792268,0.2125218,0.06254422,0.004560277,0.1398727,0.00834461,0.06655081,0.01376419,-0.05356132,0.1589397
-0.1478501,-0.6448377,-0.4164351,0.6569616,0.4963911,-0.2421167,0.201759,0.07738453,0.1275841,-0.275221,0.0398437,-0.1165535,-0.1795649,0.2130329,0.06779503,0.003037217,0.1433247,0.008298961,0.06045044,0.01339465,-0.05317108,0.1563599
-0.1250256,-0.572399,-0.3609406,0.6108646,0.5937455,-0.3075376,0.1993635,0.08182416,0.1099461,-0.2498811,0.01832774,-0.1162822,-0.1815387,0.2091485,0.06568962,0.002736256,0.1318969,0.01239389,0.07031883,0.01649804,-0.05622895,0.1557113
-0.1300743,-0.5757228,-0.3688008,0.5999902,0.6011643,-0.3120442,0.1944984,0.08114719,0.1053255,-0.2470576,0.02430194,-0.1174522,-0.1826453,0.2068729,0.06605626,0.001143542,0.1288705,0.01373332,0.07015394,0.01767633,-0.05659451,0.153653
-0.1512039,-0.6098747,-0.4111922,0.6031775,0.5490788,-0.2747931,0.1796504,0.08015755,0.1094059,-0.252131,0.04251217,-0.1222434,-0.1771793,0.1975414,0.06791021,-0.00110882,0.1359936,0.01112077,0.06715444,0.02023788,-0.05878936,0.1499922
-0.1566225,-0.6160382,-0.426453,0.6024376,0.534327,-0.267603,0.1768835,0.07753232,0.1152979,-0.2533824,0.04919989,-0.1246394,-0.1754492,0.1943766,0.06829281,-0.001837692,0.1348731,0.01156571,0.06346366,0.01962614,-0.05974445,0.1488681
-0.1649798,-0.6311129,-0.4512956,0.6049744,0.5209376,-0.2580545,0.1718953,0.07893966,0.1196384,-0.2550103,0.05701832,-0.1279157,-0.1743841,0.196525,0.07033487,-0.001851108,0.1389682,0.006068841,0.06392846,0.01929518,-0.05908629,0.1515545
-0.1778108,-0.6327435,-0.4601318,0.6004803,0.5140255,-0.2619136,0.169014,0.07687922,0.1277677,-0.2592391,0.06029249,-0.1285638,-0.1733599,0.1954594,0.07587756,-0.003265026,0.1373552,0.009575107,0.06549272,0.02181726,-0.06108305,0.1471625
-0.1722316,-0.60268,-0.4450622,0.577388,0.5553674,-0.2963053,0.1677438,0.0717327,0.1288692,-0.256584,0.05318272,-0.125152,-0.1767637,0.1926259,0.07555638,-0.004332276,0.127904,0.01399657,0.06632278,0.02212937,-0.06328309,0.1466997
-0.1794713,-0.6115226,-0.4589628,0.5765266,0.5336806,-0.2849604,0.1607859,0.07045073,0.133172,-0.2553907,0.06079923,-0.1284861,-0.1723603,0.1868676,0.07552687,-0.003858317,0.1291321,0.01196987,0.06412771,0.02367966,-0.06538897,0.142335
-0.1856938,-0.6060514,-0.4671333,0.5706415,0.5308616,-0.2812068,0.1574738,0.0703051,0.1371496,-0.2561535,0.06109877,-0.1307733,-0.170511,0.1865462,0.07763156,-0.003741059,0.1309081,0.01255282,0.06276903,0.02554756,-0.067497,0.1392304
-0.1903487,-0.6126403,-0.4840629,0.5668073,0.525552,-0.2820059,0.1517942,0.06892913,0.1347813,-0.2550749,0.06918786,-0.131409,-0.1691576,0.1845506,0.07823081,-0.003706504,0.1309019,0.01109836,0.06130948,0.02596079,-0.06762068,0.1387499
-0.1866699,-0.5875219,-0.4726086,0.5445821,0.5620169,-0.2964484,0.144651,0.0762099,0.1322502,-0.2486666,0.06489872,-0.1308292,-0.1713468,0.1828686,0.07895169,-0.003624349,0.1343057,0.01535013,0.06172241,0.02725724,-0.07337127,0.1361651
-0.1786349,-0.5730012,-0.4703925,0.5279907,0.5811391,-0.3106488,0.1474224,0.08195939,0.1330991,-0.2449524,0.064203,-0.1320836,-0.1725721,0.1836433,0.08054366,-0.004424824,0.1332761,0.01776957,0.06269193,0.0279401,-0.07369813,0.1348491
-0.1902342,-0.5689583,-0.4705198,0.5137962,0.5862192,-0.312079,0.1399544,0.07790934,0.1324644,-0.239481,0.06831798,-0.1322525,-0.1712642,0.1797624,0.08033503,-0.004138768,0.1291711,0.01580063,0.06216408,0.0261542,-0.07212582,0.1351531
-0.1931619,-0.5656348,-0.4732292,0.5044534,0.5927106,-0.3132077,0.1338432,0.0757508,0.1299942,-0.2356392,0.06992406,-0.1336516,-0.1708928,0.1770241,0.07994338,-0.00346399,0.1284711,0.01462338,0.06377328,0.02654238,-0.0705767,0.1338696
-0.1983335,-0.5788491,-0.493962,0.5083646,0.5714605,-0.3020826,0.12996,0.07482324,0.1340845,-0.2372707,0.07560756,-0.1338565,-0.1694208,0.1701072,0.07953656,-0.004655944,0.1313442,0.01489848,0.06304347,0.02704451,-0.06919412,0.1332365
-0.2043205,-0.5879005,-0.519494,0.5011892,0.5508859,-0.2854625,0.1162276,0.08322325,0.1347849,-0.2257555,0.08345032,-0.1369781,-0.1653146,0.1624856,0.0778075,-0.004960799,0.1364136,0.009360666,0.06294067,0.02599099,-0.06832226,0.1297671
-0.2078859,-0.5908713,-0.5313024,0.4942194,0.5587034,-0.2917223,0.115814,0.08020996,0.138132,-0.2256916,0.08710182,-0.1351471,-0.1663681,0.1629708,0.07682595,-0.00420066,0.1336117,0.009978647,0.05678786,0.02710601,-0.06801427,0.1293112
-0.1969145,-0.5636168,-0.5185321,0.4742514,0.5906027,-0.3292196,0.1254362,0.08034769,0.1457808,-0.2264466,0.07913997,-0.1358891,-0.167871,0.1662565,0.07610848,-0.00467644,0.1265088,0.01474858,0.06207388,0.02904871,-0.06523139,0.1294593
-0.1962646,-0.5673661,-0.5331128,0.4686877,0.5776577,-0.3204274,0.1244229,0.08385668,0.1669852,-0.2222878,0.07548913,-0.1395875,-0.1656805,0.1601565,0.07572136,-0.008106771,0.127308,0.01682204,0.06203009,0.03116283,-0.06666448,0.1296301
-0.2034144,-0.5528311,-0.5447046,0.4451117,0.5797803,-0.3227591,0.1025489,0.07939275,0.1560806,-0.226179,0.08389023,-0.1428928,-0.1647171,0.1569595,0.07186665,-0.008906099,0.1272744,0.01986134,0.06290005,0.03278036,-0.06865782,0.1258687
-0.2009027,-0.5525344,-0.5498457,0.4335025,0.5884915,-0.3298922,0.09446275,0.07954021,0.1620199,-0.2285577,0.09121838,-0.1499,-0.1629083,0.1595432,0.07063517,-0.01034513,0.1268258,0.01822483,0.06870174,0.03390692,-0.0671986,0.1287324
-0.1928502,-0.5430945,-0.5547885,0.4234825,0.5818889,-0.327663,0.0775839,0.07769053,0.1673173,-0.2262528,0.09640821,-0.1503565,-0.1596601,0.1536128,0.06757149,-0.01093567,0.1264275,0.01949286,0.07166141,0.03068111,-0.0630988,0.1258694
-0.1884481,-0.5394011,-0.5611047,0.4088988,0.5833291,-0.3397262,0.06772485,0.07979272,0.1732272,-0.2209973,0.1034326,-0.155642,-0.1559817,0.1508041,0.06454963,-0.01287984,0.123317,0.0208147,0.07818521,0.03083923,-0.06295753,0.1260308
-0.1841739,-0.5370358,-0.5658929,0.4015451,0.5822935,-0.3432051,0.05652119,0.07870538,0.1802018,-0.2222575,0.1055881,-0.1582348,-0.151384,0.1467607,0.0613967,-0.01439387,0.1230132,0.02062099,0.08458349,0.03190017,-0.05995126,0.1247217
-0.1782707,-0.5252692,-0.5795045,0.3877656,0.5810082,-0.3481162,0.03738226,0.07485557,0.1840717,-0.2341332,0.1150565,-0.156243,-0.1483031,0.1450759,0.06309572,-0.01549734,0.123924,0.02567275,0.08409781,0.0312648,-0.05532866,0.1238879
-0.171359,-0.524916,-0.5866742,0.3785582,0.591127,-0.3563119,0.02734577,0.07181036,0.1837208,-0.2282246,0.1211019,-0.1597773,-0.1479971,0.1453933,0.05974914,-0.0145494,0.1218517,0.02470013,0.0896345,0.03148004,-0.05336504,0.1255897
-0.166959,-0.5198882,-0.5930094,0.3661824,0.5933775,-0.3589647,0.0151451,0.07261415,0.1895246,-0.2296088,0.1266435,-0.1625807,-0.1435473,0.143404,0.05651531,-0.01422271,0.1221541,0.02500635,0.08986358,0.03106583,-0.05093304,0.1275472
-0.1608677,-0.5135181,-0.6004428,0.3574295,0.5834962,-0.3565598,-0.002142791,0.07073511,0.1962219,-0.2365609,0.1354171,-0.1645314,-0.1374235,0.1377962,0.05578101,-0.01530224,0.124272,0.02824243,0.0888598,0.03049839,-0.04934856,0.1272428
-0.1632484,-0.5434992,-0.6362738,0.3567709,0.5494667,-0.3294963,-0.02244671,0.07134544,0.2011571,-0.2335458,0.1538525,-0.1706033,-0.1307865,0.1299916,0.04862428,-0.01586114,0.1280492,0.02426855,0.09027258,0.0327539,-0.04856982,0.126213
-0.1558813,-0.5443583,-0.6425938,0.343565,0.5584591,-0.3358798,-0.03194544,0.07068313,0.2071334,-0.2304725,0.1607793,-0.1715335,-0.1293465,0.1303838,0.04669847,-0.01500503,0.1254929,0.02186057,0.09110638,0.03127308,-0.04656714,0.1301772
-0.1457574,-0.5063229,-0.6161231,0.3178261,0.5941183,-0.3791889,-0.03203268,0.07094949,0.2126956,-0.2294046,0.1498751,-0.1672422,-0.1299611,0.1314732,0.04749299,-0.01537941,0.1148007,0.02848314,0.09479946,0.02964413,-0.04632159,0.1292613
-0.1375766,-0.5028015,-0.6174419,0.3077261,0.5879582,-0.3788653,-0.03970895,0.06966697,0.2136975,-0.2229636,0.1503949,-0.167676,-0.1289696,0.1271699,0.04555033,-0.01606846,0.1112004,0.03022368,0.09657493,0.03022069,-0.04746761,0.126438
-0.1319687,-0.5147364,-0.6350145,0.3014082,0.5582547,-0.3529253,-0.04997015,0.07214914,0.2187646,-0.2124426,0.1559403,-0.1699779,-0.1257183,0.116955,0.04414012,-0.01810349,0.1129047,0.02684136,0.09663498,0.02887508,-0.04365685,0.1234845
-0.1169508,-0.5194239,-0.6371632,0.2950836,0.5446488,-0.3485891,-0.05350842,0.07152456,0.2188937,-0.2009953,0.1617918,-0.1724721,-0.1257964,0.1119772,0.04164041,-0.02145602,0.1117933,0.02758753,0.09389856,0.02683299,-0.04382129,0.1225506
-0.09809224,-0.5252717,-0.6383786,0.2883646,0.5386384,-0.3395565,-0.06882436,0.07103786,0.2116923,-0.1969908,0.1720023,-0.1678267,-0.1272281,0.1086367,0.03998534,-0.02337494,0.1119744,0.02707045,0.09076563,0.0222713,-0.04242662,0.1214972
-0.08805182,-0.5256999,-0.6408417,0.2826446,0.5309784,-0.3370251,-0.07550646,0.066907,0.2113518,-0.1990517,0.1713155,-0.1649318,-0.1268996,0.1027206,0.03762776,-0.02545626,0.1112305,0.03030239,0.09212167,0.02355643,-0.0424196,0.1211586
-0.07941312,-0.5338143,-0.6515691,0.2808474,0.5045577,-0.3244648,-0.08033865,0.06823662,0.2149753,-0.1994421,0.1781889,-0.1628927,-0.1239184,0.09981042,0.03662515,-0.02649329,0.1135664,0.03090788,0.08966158,0.02216924,-0.03970088,0.1178581
-0.0663119,-0.5212803,-0.6376563,0.2679884,0.5105881,-0.344077,-0.08216374,0.05939297,0.2188001,-0.20256,0.1725524,-0.1576008,-0.1242294,0.09405509,0.03408092,-0.02913902,0.1030949,0.03804546,0.0888541,0.02160251,-0.04135177,0.1170712
-0.05167885,-0.5252122,-0.6403121,0.2651368,0.5118652,-0.3484788,-0.08259244,0.0550926,0.2177566,-0.2032229,0.1729078,-0.1552432,-0.1245125,0.09545242,0.03235523,-0.02954206,0.1015323,0.03996705,0.08892035,0.02195795,-0.03819978,0.1204581
-0.03677138,-0.5280667,-0.6472908,0.2548798,0.4948704,-0.3193351,-0.1048786,0.06185158,0.2064871,-0.1851176,0.1836218,-0.157691,-0.1211175,0.08335945,0.02622862,-0.03169849,0.1050986,0.03870201,0.08923346,0.02115867,-0.03827986,0.1148853
-0.01937178,-0.5114488,-0.636579,0.2439239,0.5202186,-0.3537732,-0.0915376,0.05413553,0.2100293,-0.1838716,0.1732378,-0.1544771,-0.1276007,0.09148508,0.02938568,-0.03184975,0.09533412,0.03775597,0.09266905,0.01802101,-0.03726321,0.1206715
-0.01462272,-0.5081838,-0.6395485,0.2365634,0.5150842,-0.3494772,-0.09883273,0.05102344,0.2100401,-0.1819384,0.1731064,-0.1550641,-0.1264018,0.08814608,0.02682836,-0.03261577,0.09340843,0.03824182,0.09427566,0.01893578,-0.03741323,0.1203732
-0.001517678,-0.504574,-0.6357113,0.2280316,0.5216876,-0.3523478,-0.1025437,0.04753461,0.2146608,-0.1819037,0.1723737,-0.1474848,-0.128615,0.08619928,0.02582846,-0.03342339,0.09096851,0.03851758,0.09132086,0.01636621,-0.03580282,0.122117
0.007243028,-0.5092991,-0.6396639,0.2247584,0.51691,-0.3471223,-0.1086722,0.04440399,0.2182335,-0.1770441,0.173509,-0.1452351,-0.1296453,0.08301324,0.02614859,-0.03493067,0.08830684,0.03924168,0.09035757,0.01588154,-0.03714433,0.1237067
0.01409476,-0.5028039,-0.6381582,0.2213439,0.5042029,-0.3457489,-0.1154947,0.04252716,0.2188382,-0.1805382,0.1754602,-0.1454324,-0.1261177,0.08092851,0.02322601,-0.03690947,0.08871913,0.04299445,0.08867108,0.01720006,-0.03718662,0.1206285
0.02047595,-0.4987108,-0.6359992,0.215073,0.5019749,-0.3444151,-0.1192375,0.04122591,0.2232497,-0.179185,0.1726853,-0.1467092,-0.1257851,0.07725227,0.02158289,-0.03744177,0.08622926,0.04251302,0.09349989,0.0167374,-0.03552227,0.1198202
0.02409531,-0.4935263,-0.631542,0.2066751,0.5031037,-0.3450443,-0.1263492,0.04005442,0.2237586,-0.1787977,0.1722249,-0.1436946,-0.1248922,0.07263448,0.02059313,-0.03785224,0.08240041,0.04300907,0.09615591,0.01738217,-0.03337152,0.1169242
0.03059954,-0.4933974,-0.6325164,0.2042156,0.4998668,-0.3442353,-0.1306805,0.04043661,0.2247318,-0.1785619,0.1722233,-0.1420953,-0.1237641,0.07123663,0.01853253,-0.03830867,0.08084073,0.04330522,0.09721316,0.01790607,-0.03526044,0.1161526
0.04105664,-0.4968863,-0.6327271,0.1987701,0.4928245,-0.3418373,-0.1351547,0.03925921,0.2221008,-0.1788288,0.1750492,-0.1442182,-0.1227503,0.06797513,0.01654858,-0.04071253,0.0786913,0.04453193,0.10152,0.01861841,-0.03488246,0.1147035
0.04811105,-0.49619,-0.6354817,0.1982377,0.4861941,-0.3409063,-0.1429232,0.03916692,0.2204971,-0.1757023,0.1757966,-0.1414918,-0.120868,0.06306503,0.01309216,-0.04221401,0.07738616,0.04562272,0.1035388,0.01922309,-0.03710266,0.110923
0.05476032,-0.4958572,-0.6357006,0.1973267,0.4831368,-0.3346834,-0.1506524,0.03711028,0.2208455,-0.1716865,0.1758167,-0.1406808,-0.1210439,0.06015349,0.01143989,-0.04246968,0.07705333,0.04518869,0.1046687,0.01915962,-0.03691459,0.1099907
0.06115024,-0.4973059,-0.6350307,0.195078,0.4768437,-0.3284101,-0.1543476,0.03415609,0.2217897,-0.173599,0.1781031,-0.1403563,-0.1192426,0.0573525,0.01059628,-0.04327093,0.07740311,0.04402638,0.1052826,0.01942938,-0.03394763,0.1086405
0.06940737,-0.4990489,-0.6351313,0.1924168,0.4748221,-0.3257737,-0.1593519,0.03165673,0.2224424,-0.1709429,0.1783077,-0.137029,-0.1195839,0.0572197,0.009346328,-0.04290391,0.07500236,0.0434195,0.1053404,0.01861605,-0.03465887,0.1089211
0.08222611,-0.5248896,-0.6507292,0.1929829,0.445901,-0.3014662,-0.1676294,0.03291902,0.2220952,-0.1696271,0.1927411,-0.1404499,-0.1145576,0.05281761,0.005915452,-0.0456261,0.07888015,0.0411496,0.1020359,0.02124769,-0.03457818,0.1059269
0.09043501,-0.5210671,-0.6489111,0.1941981,0.438371,-0.3005121,-0.1702702,0.03312766,0.2239165,-0.1727634,0.1899417,-0.1390296,-0.1129919,0.04994686,0.005436314,-0.0466793,0.07693058,0.04307152,0.1054928,0.02129209,-0.03520321,0.1053048
0.09670374,-0.5236698,-0.650728,0.1871076,0.4331726,-0.2991278,-0.1747739,0.03257133,0.2253447,-0.1661725,0.192001,-0.1403283,-0.1125623,0.04658364,0.004784292,-0.0470438,0.07364538,0.04342756,0.1056097,0.02202997,-0.03713472,0.1037133
0.1022289,-0.5243844,-0.6497801,0.1833494,0.4368281,-0.3024812,-0.1751431,0.02920667,0.2249029,-0.1676335,0.191557,-0.1385187,-0.1134822,0.04719511,0.003297777,-0.04733393,0.0716472,0.04221051,0.1061546,0.0213542,-0.03615521,0.1057007
0.1054371,-0.5368316,-0.6603028,0.1820023,0.4161675,-0.283094,-0.1859371,0.02928697,0.2241122,-0.1640105,0.1968933,-0.1404361,-0.108255,0.03977782,-0.0003477372,-0.04838772,0.07334066,0.0422411,0.1081927,0.02433476,-0.03565326,0.1008929
0.1227056,-0.4928593,-0.622294,0.1654492,0.4665993,-0.3302408,-0.1733647,0.02278995,0.2217762,-0.1667327,0.180085,-0.1348655,-0.1151709,0.04618324,-0.0004927616,-0.04736136,0.06192237,0.04431126,0.1127535,0.0187616,-0.03267421,0.1060886
0.1297727,-0.4942553,-0.6231247,0.1629497,0.4638673,-0.3271242,-0.178452,0.02099204,0.2219244,-0.1643498,0.1796683,-0.133314,-0.1146389,0.04310722,-0.001619457,-0.04793934,0.05966609,0.04408015,0.1142728,0.01959797,-0.03392821,0.1048996
0.1325538,-0.5087324,-0.6333484,0.163856,0.4439162,-0.3035213,-0.1918038,0.01968054,0.2210581,-0.1618861,0.1874692,-0.1338231,-0.1133658,0.03767083,-0.002731763,-0.04890588,0.0619579,0.040866,0.1144326,0.01930673,-0.03343319,0.1027249
0.1434967,-0.510567,-0.6322407,0.1608542,0.4415673,-0.2995049,-0.1975894,0.01846159,0.2209308,-0.1599699,0.1871214,-0.1307896,-0.1132292,0.03538552,-0.003498622,-0.0494473,0.06094929,0.0411608,0.1149214,0.01979317,-0.03302336,0.1022903
0.1478848,-0.5294409,-0.6447749,0.1628678,0.4127965,-0.2761084,-0.2042055,0.01820452,0.2221612,-0.1599949,0.196303,-0.131724,-0.1087019,0.02912635,-0.006163286,-0.05037011,0.06418089,0.03972491,0.1111646,0.02129858,-0.0325221,0.09937092
0.1578317,-0.5323783,-0.6439957,0.1629917,0.4062797,-0.2745052,-0.207078,0.02093029,0.2227225,-0.1632941,0.1984612,-0.1296578,-0.1064633,0.02541418,-0.007146704,-0.05194439,0.06276964,0.04086757,0.111665,0.02175629,-0.03244262,0.0987635
0.1645307,-0.5327485,-0.6426316,0.161991,0.4038239,-0.272669,-0.2062748,0.01954527,0.2222995,-0.1632491,0.1973412,-0.1288076,-0.1063339,0.02489567,-0.008089721,-0.05222523,0.06202415,0.04067706,0.1122853,0.02172246,-0.03191256,0.09866684
0.173398,-0.5336457,-0.6388392,0.1603276,0.404755,-0.2748102,-0.2052501,0.01629838,0.2211762,-0.1600047,0.1986602,-0.1282832,-0.1082278,0.02616868,-0.008623539,-0.05187089,0.06173395,0.03868541,0.1106997,0.01962734,-0.03086265,0.1008603
0.1795339,-0.531409,-0.6366068,0.1594145,0.4023062,-0.2737494,-0.2056867,0.01443924,0.2206042,-0.160137,0.1973022,-0.127269,-0.1083584,0.0253847,-0.009042676,-0.05242841,0.06159168,0.0398438,0.1107254,0.01961835,-0.03134238,0.1011382
0.1919069,-0.5392976,-0.6380535,0.1569761,0.3971184,-0.268455,-0.2086556,0.01666139,0.2187103,-0.1520406,0.2011304,-0.1273978,-0.1076931,0.02310991,-0.01170989,-0.05350321,0.06096551,0.03861381,0.1104293,0.02037787,-0.03298835,0.09967723
0.2035931,-0.5384509,-0.6350505,0.1595859,0.391303,-0.2635829,-0.209665,0.01686231,0.2171483,-0.154181,0.197311,-0.1250887,-0.1076432,0.02125782,-0.01296233,-0.05581452,0.06079175,0.04179137,0.1127852,0.02221438,-0.03676559,0.09956927
0.2102612,-0.5396251,-0.6345068,0.1591568,0.3897144,-0.2604243,-0.210486,0.01518234,0.2171989,-0.1548614,0.196102,-0.1231546,-0.1076492,0.0200584,-0.01345264,-0.05620635,0.06066534,0.04188139,0.1128863,0.02246321,-0.03682537,0.1000261
0.2151242,-0.5252853,-0.622878,0.1541047,0.4019277,-0.281682,-0.1981238,0.006522531,0.2217398,-0.161735,0.1873802,-0.119884,-0.1112046,0.02531138,-0.009619689,-0.05582373,0.0543103,0.04343282,0.1126167,0.02055536,-0.03496737,0.1034544
0.2216224,-0.5289512,-0.6237575,0.1537092,0.3955968,-0.2748539,-0.1994928,0.0002944978,0.2215296,-0.1603488,0.1860529,-0.1183192,-0.1122688,0.02323364,-0.009916143,-0.05574993,0.05441487,0.04288915,0.1112819,0.02037855,-0.03551645,0.1044488
0.2275805,-0.5320198,-0.6216681,0.1509559,0.3910163,-0.268572,-0.2014105,3.725539e-05,0.2215882,-0.1591559,0.1888799,-0.1182367,-0.1104785,0.02118875,-0.01006688,-0.05653481,0.0547861,0.04257951,0.1090686,0.02110572,-0.03566713,0.1034316
0.2387798,-0.5363308,-0.6204987,0.1505071,0.3852852,-0.2655769,-0.2025575,-0.0001235766,0.2209022,-0.1568807,0.1907231,-0.1165999,-0.1100502,0.02031431,-0.01107449,-0.05689897,0.05498114,0.04203087,0.1083101,0.02049181,-0.03575606,0.1036809
0.2451097,-0.5476977,-0.6274912,0.1501731,0.3700924,-0.2561167,-0.2036174,0.0008814509,0.2216554,-0.1559929,0.192746,-0.1153129,-0.1083597,0.0169932,-0.01140512,-0.05816334,0.05539363,0.0423036,0.1075585,0.0216085,-0.03597715,0.1030441
0.2528204,-0.550919,-0.6267664,0.1483764,0.3705654,-0.2565019,-0.2028794,2.147878e-05,0.220424,-0.1538119,0.1940625,-0.1142615,-0.1088181,0.01748306,-0.01236308,-0.05804314,0.05463113,0.04109579,0.106008,0.0209785,-0.03629153,0.1045461
0.2681322,-0.5580063,-0.6267118,0.1477182,0.3668717,-0.2462954,-0.2111832,0.0006588449,0.2167068,-0.1444459,0.1991146,-0.1151109,-0.1085434,0.01702693,-0.01265295,-0.05752665,0.05809595,0.03875594,0.1061042,0.0215002,-0.03476155,0.1047125
0.2752369,-0.5270689,-0.601963,0.135081,0.410463,-0.2839617,-0.1979503,-0.005725112,0.2192115,-0.1452785,0.1848345,-0.1111284,-0.114972,0.02315646,-0.01334332,-0.05717787,0.047554,0.04334309,0.1067452,0.02020214,-0.03576027,0.1104326
0.2807287,-0.5391299,-0.6127479,0.1369766,0.3952459,-0.274773,-0.1981795,-0.008260794,0.2193909,-0.1450198,0.1852698,-0.1113449,-0.1134079,0.02048437,-0.01481681,-0.05769382,0.04850417,0.04179417,0.108179,0.02157333,-0.03579043,0.1101355
0.293702,-0.5445663,-0.613293,0.134469,0.391005,-0.2713346,-0.1976433,-0.011155,0.2208788,-0.1409909,0.1874075,-0.1130953,-0.1127207,0.02082577,-0.01564549,-0.05734539,0.04835682,0.03912815,0.1078941,0.02155682,-0.03293288,0.1114965
0.3059926,-0.5470618,-0.6105628,0.1334248,0.3870252,-0.2617691,-0.2011165,-0.01296962,0.2202511,-0.1388575,0.1878573,-0.1104295,-0.1133949,0.01935639,-0.01489064,-0.05732769,0.04904323,0.03922493,0.1072761,0.02138372,-0.03161426,0.1118329
0.3157506,-0.551176,-0.6112573,0.1316633,0.3873246,-0.2628161,-0.1995969,-0.01544152,0.221503,-0.1349574,0.1873252,-0.1090016,-0.1148779,0.02044272,-0.01536266,-0.05706995,0.04687573,0.03755822,0.1074136,0.02102466,-0.031931,0.112509
0.321486,-0.5500579,-0.6094682,0.130738,0.385009,-0.2588864,-0.1997392,-0.01680942,0.2258087,-0.1323253,0.1839191,-0.1083804,-0.1147011,0.01888565,-0.01571863,-0.05748286,0.04523684,0.03693554,0.1085074,0.02085642,-0.0326883,0.1124484
0.3241062,-0.5760396,-0.6273617,0.1378233,0.3526362,-0.2290172,-0.207093,-0.01607765,0.2233289,-0.1322704,0.1944292,-0.1081894,-0.1109096,0.01379868,-0.01715285,-0.05781786,0.0515645,0.0350083,0.1050208,0.02270024,-0.03174932,0.1097352
0.3330818,-0.5748029,-0.6242476,0.1358753,0.3503162,-0.2264756,-0.2073452,-0.0172872,0.2232481,-0.1311146,0.1932422,-0.1066761,-0.110888,0.01239431,-0.01793425,-0.0580682,0.05122528,0.03565104,0.1048558,0.0222348,-0.03157062,0.1105039
0.3384193,-0.574439,-0.6222793,0.134989,0.3473464,-0.2251717,-0.2072544,-0.01805277,0.2242173,-0.1313694,0.1925392,-0.1058944,-0.1104973,0.01131053,-0.01850023,-0.05804056,0.0509291,0.0356061,0.1041986,0.02169502,-0.03147201,0.1111944
0.3479465,-0.5764733,-0.6213617,0.1339471,0.3445178,-0.2246657,-0.2066457,-0.01844347,0.2232536,-0.129408,0.192463,-0.105692,-0.110484,0.01099861,-0.01926137,-0.05869305,0.04977332,0.03623915,0.1043034,0.02248372,-0.03146592,0.1118988
0.3625185,-0.5796972,-0.6155195,0.1297092,0.3412071,-0.2199831,-0.2160509,-0.01697486,0.2172542,-0.1205204,0.2000476,-0.1028842,-0.1094571,0.01083433,-0.01788123,-0.05760553,0.05146785,0.03361142,0.09971891,0.02097093,-0.03139314,0.1113938
0.3733215,-0.5821906,-0.6152255,0.1294814,0.3414362,-0.2193217,-0.2134443,-0.01775312,0.2148186,-0.1177982,0.1984685,-0.1007822,-0.1105526,0.01115882,-0.02065219,-0.05763021,0.05048897,0.03313996,0.09853167,0.02040886,-0.03208002,0.112669
0.3786054,-0.5809191,-0.6152839,0.1312232,0.3411218,-0.2271434,-0.2009549,-0.02697768,0.2170964,-0.1280366,0.1929144,-0.09691256,-0.1143041,0.01557705,-0.01905013,-0.05697913,0.04930459,0.03474085,0.09865215,0.01815118,-0.02788474,0.1171345
0.3879791,-0.5821173,-0.614691,0.1320025,0.3373795,-0.2234917,-0.1989446,-0.03110597,0.2162464,-0.1281481,0.1908417,-0.09509333,-0.1149208,0.01526278,-0.02034103,-0.05697851,0.04960015,0.03475107,0.09866825,0.01802519,-0.02739776,0.1177204
0.3968276,-0.5811693,-0.6099271,0.1325333,0.3329616,-0.2091049,-0.2068917,-0.03100283,0.2131439,-0.1216364,0.1920787,-0.09504212,-0.1130874,0.0114883,-0.02196374,-0.05661881,0.05364277,0.0318802,0.09790486,0.017506,-0.02728179,0.1169206
0.4110395,-0.5640714,-0.5924957,0.1242799,0.3597513,-0.238487,-0.1920612,-0.03615694,0.2122583,-0.1260048,0.1849904,-0.09120189,-0.1182415,0.01955188,-0.02033223,-0.0546982,0.04640964,0.03425841,0.09569504,0.01499318,-0.02420034,0.123589
0.4194715,-0.5692936,-0.5952806,0.1252346,0.3506727,-0.229443,-0.1968282,-0.03344345,0.2078066,-0.1190083,0.1872441,-0.09061369,-0.1161031,0.01636885,-0.02423288,-0.05455726,0.04882768,0.03392297,0.09531766,0.0162565,-0.02590298,0.1206442
0.4306995,-0.5686124,-0.5928638,0.1248836,0.3461396,-0.2289521,-0.1946589,-0.03484728,0.2063586,-0.1173957,0.1861807,-0.08891512,-0.1158243,0.01632008,-0.02572632,-0.05435976,0.04840324,0.0347444,0.09380367,0.01636017,-0.02631595,0.1211579
0.4382633,-0.5794957,-0.5984659,0.1255294,0.3298824,-0.2127333,-0.1973806,-0.03449347,0.2050441,-0.1133212,0.1905633,-0.08896062,-0.1127534,0.01373998,-0.02766294,-0.05394217,0.05157592,0.03266661,0.09143416,0.01651057,-0.02543207,0.1201748
0.4471369,-0.5801154,-0.5969343,0.1266215,0.3273227,-0.2121645,-0.1942735,-0.03575039,0.2051734,-0.1119678,0.1890893,-0.08772884,-0.1127486,0.01464662,-0.02778724,-0.0533828,0.05215164,0.03303209,0.0906065,0.01676446,-0.02466686,0.1212101
0.4573874,-0.5832604,-0.5969504,0.1291701,0.322968,-0.2117067,-0.1896368,-0.03792268,0.2068948,-0.110808,0.1876872,-0.08416762,-0.1127224,0.01639885,-0.02741216,-0.05202534,0.05184892,0.03208913,0.0892188,0.01616541,-0.02377854,0.1214271
0.4673927,-0.5972626,-0.6034691,0.1283783,0.3023762,-0.1983098,-0.1928737,-0.03739263,0.2041027,-0.1026949,0.1918902,-0.08422568,-0.1102456,0.01180124,-0.0269943,-0.05305108,0.05555993,0.03130668,0.08497262,0.01679764,-0.02254761,0.1215364
0.477948,-0.5991167,-0.6019879,0.1286396,0.2982751,-0.1963672,-0.1898731,-0.03947542,0.2034431,-0.1052722,0.19219,-0.08301499,-0.1104917,0.0136283,-0.02655043,-0.05312667,0.0575958,0.03272003,0.08158415,0.01766667,-0.02166626,0.1229252
0.4888644,-0.5982384,-0.6007366,0.1288301,0.2973648,-0.1951927,-0.1910563,-0.04233467,0.2020265,-0.1027672,0.1899096,-0.07905467,-0.111287,0.01410593,-0.0264244,-0.0520819,0.05779782,0.0332429,0.08129991,0.01824211,-0.02363021,0.123183
0.4970849,-0.5968621,-0.5969214,0.1289145,0.2945093,-0.1945372,-0.1872444,-0.04357958,0.2020394,-0.101344,0.1878571,-0.08042534,-0.1113082,0.01495827,-0.02618345,-0.05238451,0.05735928,0.03446939,0.07942197,0.01904766,-0.02397585,0.1251463
0.5062354,-0.5989221,-0.5950431,0.1285402,0.2929737,-0.1941088,-0.1870258,-0.04410972,0.2005626,-0.09667939,0.188324,-0.07978588,-0.1111539,0.01555102,-0.02652087,-0.05204676,0.0568175,0.03377717,0.07918503,0.01944522,-0.02405519,0.1246888
0.5170224,-0.5986593,-0.595879,0.1318599,0.284306,-0.191805,-0.1759085,-0.04851462,0.2040538,-0.09942093,0.1833029,-0.08163718,-0.1114162,0.01764167,-0.02571786,-0.05200134,0.05539723,0.03578353,0.08151534,0.02062963,-0.02236916,0.1249588
0.5275572,-0.5965005,-0.5893992,0.1312471,0.2931004,-0.1983754,-0.1708508,-0.05315017,0.1998809,-0.1058598,0.1824068,-0.0766946,-0.1145616,0.01992277,-0.02657886,-0.05032051,0.05323206,0.0397126,0.07936098,0.02164915,-0.02056313,0.1252773
0.5366187,-0.5956358,-0.584693,0.1280851,0.290694,-0.1950655,-0.1736453,-0.05514616,0.193517,-0.1047661,0.1854222,-0.07265135,-0.1134839,0.01873842,-0.02845057,-0.0494264,0.05299856,0.03797877,0.07714217,0.01947249,-0.01943682,0.1233495
0.5452526,-0.5956326,-0.5830682,0.1275121,0.288972,-0.1932822,-0.1723553,-0.05655724,0.1928277,-0.1045331,0.184189,-0.07127555,-0.1133351,0.01888379,-0.02864741,-0.04901293,0.05286447,0.0386727,0.07717694,0.02008092,-0.01857602,0.1233757
0.5522688,-0.5981827,-0.5842948,0.126753,0.2874967,-0.1937634,-0.1698316,-0.05898835,0.1937916,-0.1024538,0.1821815,-0.07190132,-0.1138961,0.01980286,-0.02927439,-0.04861131,0.05231493,0.0395452,0.07660699,0.0223684,-0.01868623,0.1237974
0.5607471,-0.5987689,-0.5821729,0.1254963,0.2862967,-0.1900496,-0.171323,-0.0611309,0.1912274,-0.09851456,0.1813569,-0.07065997,-0.1137082,0.01852978,-0.03035793,-0.04848971,0.05217359,0.03936419,0.07721385,0.02261407,-0.01832368,0.1237372
0.5772024,-0.6090283,-0.5852778,0.1241865,0.2742776,-0.185166,-0.1694817,-0.06682202,0.1917726,-0.09290723,0.1860339,-0.06831184,-0.1137732,0.01979697,-0.03199625,-0.04751764,0.05200666,0.03697868,0.06829398,0.02001608,-0.02028383,0.1274676
0.5875997,-0.6073353,-0.5820196,0.1221057,0.2738273,-0.1832854,-0.1687584,-0.06584293,0.1924379,-0.09192032,0.1853138,-0.0674523,-0.1119372,0.02196161,-0.0312425,-0.04611986,0.05274697,0.03648062,0.06752107,0.02156901,-0.01921968,0.1252587
0.598685,-0.6064578,-0.580575,0.1241001,0.268976,-0.1846627,-0.1649874,-0.0671237,0.1904773,-0.09418848,0.1838914,-0.06620692,-0.1117122,0.02216125,-0.03130495,-0.04541892,0.05342694,0.03798622,0.06804814,0.02249616,-0.01638253,0.1252531
0.6101109,-0.6060801,-0.5764948,0.127108,0.271238,-0.1800312,-0.1650142,-0.06724829,0.1874216,-0.09169533,0.1833313,-0.06537747,-0.1127717,0.0249332,-0.03054337,-0.04496105,0.05590006,0.03690103,0.06773768,0.02239153,-0.01535353,0.1255141
0.6205105,-0.606118,-0.5742962,0.1276947,0.2710125,-0.1783469,-0.1627255,-0.06858321,0.1865596,-0.090028,0.1819051,-0.06642135,-0.1128605,0.02674384,-0.03014362,-0.04451512,0.05671158,0.03678141,0.06993384,0.02422022,-0.0132674,0.1248085
0.6278381,-0.6021824,-0.5702009,0.1298779,0.269787,-0.1763929,-0.1609751,-0.06931268,0.1850235,-0.09083676,0.1794332,-0.06644484,-0.1125856,0.02835547,-0.02862319,-0.04343885,0.05823563,0.03733351,0.07039853,0.02516208,-0.01086766,0.1250312
0.6404446,-0.5976701,-0.562359,0.1305283,0.2753514,-0.1810888,-0.1535414,-0.07118766,0.1820721,-0.09183344,0.1759972,-0.0653307,-0.1148749,0.03180102,-0.02731597,-0.042199,0.05565251,0.03880677,0.07212634,0.02528282,-0.007506382,0.1241559
0.6488698,-0.5982178,-0.5601034,0.1319752,0.2749515,-0.1786137,-0.1519206,-0.0707633,0.1799661,-0.08720974,0.175752,-0.06590097,-0.1158236,0.03376149,-0.02746788,-0.04250972,0.05631121,0.03806404,0.07137836,0.02537696,-0.00885475,0.1245375
0.6642671,-0.5890948,-0.5453762,0.1309417,0.283507,-0.1794366,-0.1557686,-0.06758128,0.1733455,-0.08106625,0.1755804,-0.0643399,-0.1148975,0.0334508,-0.02755158,-0.04126901,0.05751344,0.03812526,0.06953717,0.02649038,-0.008873075,0.1241979
0.6730196,-0.5861003,-0.5415233,0.1332747,0.2819889,-0.1767957,-0.153203,-0.06844896,0.1712329,-0.08014078,0.1729376,-0.0642403,-0.1153341,0.03480085,-0.0268683,-0.04104492,0.05839458,0.03875658,0.06945687,0.02749406,-0.008496967,0.1242069
0.6833503,-0.5820267,-0.5363775,0.1376354,0.2786701,-0.1733481,-0.1498939,-0.06993993,0.1693543,-0.08035752,0.1698972,-0.06383542,-0.1159635,0.03654243,-0.02581096,-0.0407307,0.06003798,0.03929808,0.06873027,0.0280494,-0.007971567,0.1242999
0.6923144,-0.577244,-0.5303586,0.1393114,0.2795497,-0.1765414,-0.1425649,-0.07087623,0.1684162,-0.08322961,0.1659704,-0.06258763,-0.1170973,0.03969647,-0.02576434,-0.03936392,0.05963646,0.04129701,0.06906602,0.02804788,-0.00656424,0.1230049
0.7054469,-0.5760816,-0.5255486,0.1397512,0.278543,-0.171227,-0.1422718,-0.07373848,0.1674347,-0.08207839,0.1638717,-0.06185872,-0.1178536,0.04174219,-0.0237114,-0.03815169,0.06007038,0.04089211,0.0690743,0.02937009,-0.004096739,0.1226312
0.7223507,-0.578142,-0.5219991,0.1381983,0.2797409,-0.1702439,-0.1413149,-0.07578635,0.1650974,-0.07798803,0.1658145,-0.06170151,-0.1183507,0.04634513,-0.02198194,-0.03655757,0.06172298,0.04024069,0.06545963,0.03055733,-0.00322693,0.1240273
0.7357883,-0.564604,-0.5075807,0.1388831,0.296487,-0.1848951,-0.1272469,-0.08283497,0.1623158,-0.08389983,0.1556742,-0.06141244,-0.1226484,0.0503256,-0.02252662,-0.03443731,0.05971419,0.04261474,0.06702524,0.0302387,0.00313626,0.126672
0.7476671,-0.5670844,-0.5040554,0.138506,0.2945991,-0.1794552,-0.1309851,-0.08256695,0.1602745,-0.07851294,0.1560477,-0.05997198,-0.1227051,0.05100259,-0.02088396,-0.03379887,0.0621205,0.0414926,0.06612644,0.03166077,0.003132154,0.125929
0.7572484,-0.5629466,-0.500163,0.1411275,0.2931611,-0.1776916,-0.1294369,-0.08433971,0.1593221,-0.08065102,0.1535725,-0.05882068,-0.1224175,0.05161195,-0.021372,-0.0331918,0.06355407,0.04123754,0.06824379,0.03092471,0.003501295,0.1257189
0.770254,-0.5604275,-0.4946088,0.1427781,0.2957504,-0.1792617,-0.1223265,-0.08739588,0.1578347,-0.08222488,0.1492033,-0.05808802,-0.1239277,0.05579317,-0.02078452,-0.03173791,0.06255331,0.04238081,0.06904914,0.03188052,0.004470372,0.124801
0.7838805,-0.5486569,-0.4820679,0.1405257,0.30882,-0.1870244,-0.1194418,-0.08934999,0.1552427,-0.08058263,0.1433058,-0.05766742,-0.1257288,0.0579988,-0.02105461,-0.03113327,0.06231938,0.04322751,0.07124776,0.03239515,0.004785434,0.1255726
0.7965872,-0.5478809,-0.4785478,0.1441442,0.3074661,-0.1838892,-0.1168593,-0.08997402,0.1528009,-0.07933094,0.1405675,-0.05628015,-0.1263601,0.05975412,-0.02054384,-0.03031289,0.06339724,0.04319567,0.0712887,0.03392805,0.004938799,0.124831
0.8115673,-0.5402023,-0.464414,0.1453468,0.310023,-0.1818669,-0.1189579,-0.0875063,0.1469571,-0.07670143,0.1411826,-0.05540152,-0.1250642,0.06102091,-0.02010553,-0.02924016,0.06512288,0.04246906,0.07077142,0.03408803,0.004473906,0.1222625
0.8257775,-0.5464348,-0.4651243,0.1505148,0.2996882,-0.1744646,-0.1186333,-0.08679363,0.1442456,-0.07393611,0.1437972,-0.05334808,-0.1249681,0.06241959,-0.01843642,-0.02839507,0.06649837,0.04029229,0.06904235,0.03405762,0.004733076,0.1227079
0.8443578,-0.5479909,-0.4622763,0.1529522,0.2982373,-0.174234,-0.1160371,-0.08612663,0.1436584,-0.07437848,0.1434992,-0.05406514,-0.1242618,0.06693795,-0.0174943,-0.02666653,0.0678724,0.03918517,0.07015014,0.03707814,0.009382947,0.12029
0.8539066,-0.5447513,-0.4589053,0.1564382,0.29514,-0.1697957,-0.1139442,-0.08824386,0.1418671,-0.07567748,0.1398305,-0.05374068,-0.1245693,0.06835183,-0.01710261,-0.02593999,0.06970152,0.03989614,0.07090438,0.03763787,0.01031509,0.1209743
0.86571,-0.5456292,-0.4561164,0.1591278,0.2907634,-0.163091,-0.1148092,-0.09075824,0.1408562,-0.07465272,0.1396096,-0.05231968,-0.1252849,0.07045336,-0.01422184,-0.02490027,0.07114393,0.04004614,0.07031579,0.03841992,0.01113057,0.1212442
0.8749389,-0.5422301,-0.4516437,0.1603364,0.29092,-0.1602335,-0.1144278,-0.09262377,0.1397301,-0.07480811,0.1372302,-0.0513953,-0.1257512,0.07155263,-0.01312379,-0.02425013,0.07231895,0.04091014,0.07058115,0.03857821,0.01180658,0.1214748
0.8906613,-0.5375815,-0.4438902,0.1613338,0.2908923,-0.1555397,-0.1144577,-0.09732618,0.1389901,-0.07448715,0.1345722,-0.04869417,-0.1269178,0.07310325,-0.01101893,-0.02353863,0.07246702,0.04261212,0.06940792,0.039275,0.01295808,0.121648
0.8983576,-0.5370611,-0.4405168,0.1642927,0.2900749,-0.1554082,-0.1082064,-0.09625021,0.136936,-0.07492208,0.1339264,-0.04978162,-0.1267154,0.07755964,-0.01024597,-0.02200471,0.07425819,0.04340325,0.06733835,0.03968218,0.01432065,0.1222386
0.9102981,-0.5317073,-0.4296949,0.1618303,0.2996585,-0.1565736,-0.1099094,-0.09228519,0.1318946,-0.06928323,0.1363816,-0.04867396,-0.12608,0.08062602,-0.01028489,-0.02028497,0.07494634,0.04300883,0.06512066,0.04014502,0.01412598,0.11959
0.9147239,-0.5319214,-0.4284015,0.1636797,0.2997773,-0.157985,-0.1062513,-0.092403,0.1292121,-0.06915671,0.1367039,-0.04774077,-0.1267451,0.08242578,-0.01015915,-0.01937501,0.07612672,0.04381173,0.06407842,0.04000747,0.01477914,0.1201742
0.9200313,-0.539418,-0.4334388,0.1691333,0.2905872,-0.1533657,-0.1024212,-0.09092209,0.1300078,-0.06817563,0.1419708,-0.04742149,-0.1253186,0.08678725,-0.009122277,-0.0185024,0.07715132,0.04268353,0.06110317,0.04056242,0.01328102,0.1176648
0.9243127,-0.537132,-0.4307359,0.1663652,0.2943915,-0.1560559,-0.09939399,-0.09248667,0.1278191,-0.06408796,0.1405889,-0.04713406,-0.1245863,0.08790077,-0.009919463,-0.01626361,0.07714195,0.0450491,0.05999215,0.04209462,0.01294805,0.1167987
0.9241524,-0.542537,-0.4382467,0.1735016,0.2809223,-0.1541771,-0.09280571,-0.09496025,0.1285559,-0.0630939,0.1409921,-0.04819639,-0.1236781,0.08970449,-0.008016552,-0.01522428,0.08033136,0.04560576,0.05947549,0.04326434,0.01158618,0.115292
0.9278945,-0.5415357,-0.4374162,0.1744527,0.2819057,-0.1557543,-0.0902399,-0.09572783,0.1271092,-0.06161422,0.1408181,-0.0480537,-0.123956,0.09133913,-0.00788867,-0.01417258,0.08101344,0.04610168,0.05908604,0.04362555,0.0118143,0.1148977
0.93313,-0.5373623,-0.4350445,0.177341,0.280717,-0.1585841,-0.08701065,-0.09683452,0.1246847,-0.06052279,0.1401816,-0.04769159,-0.1239977,0.09229252,-0.007853824,-0.01305825,0.08144351,0.04638964,0.05925244,0.04305696,0.01246649,0.1131269
0.9375522,-0.5361497,-0.4340634,0.1785932,0.2813016,-0.160071,-0.08371165,-0.09713756,0.1230842,-0.05870567,0.139525,-0.04778998,-0.1242431,0.09421417,-0.007918722,-0.01205909,0.08228421,0.04673227,0.05861685,0.04346518,0.01232204,0.1126318
0.9332605,-0.5484638,-0.4502463,0.1885086,0.2606287,-0.1559712,-0.0722748,-0.1027445,0.1276077,-0.06669843,0.139349,-0.04925653,-0.1250128,0.09606787,-0.004749164,-0.01275369,0.08417678,0.04728015,0.05960636,0.04398356,0.01259077,0.1133051
0.9450924,-0.5285079,-0.4300915,0.1806592,0.2904441,-0.1837946,-0.05546786,-0.1118961,0.1250487,-0.0673935,0.1274742,-0.04846895,-0.1290489,0.1016704,-0.009029345,-0.009264979,0.08014765,0.05318222,0.06069734,0.04429217,0.01388147,0.114415
0.9475923,-0.5286484,-0.4312513,0.1827657,0.2873668,-0.1846937,-0.0536576,-0.1129163,0.1233215,-0.06545305,0.1268892,-0.04739723,-0.1298625,0.1012557,-0.008997434,-0.008989407,0.08090711,0.0526826,0.06031151,0.04347516,0.01326797,0.1147887
0.9545041,-0.5307124,-0.4292692,0.1819486,0.2888004,-0.1860611,-0.04673599,-0.112093,0.1213571,-0.06283929,0.1273901,-0.0470692,-0.1289981,0.1063447,-0.01032566,-0.007200321,0.08040247,0.05690462,0.05867003,0.04514341,0.0119065,0.1129636
0.9630435,-0.5292115,-0.4275408,0.1876869,0.2875193,-0.188986,-0.04058924,-0.111953,0.1189112,-0.06093417,0.1263295,-0.04652452,-0.1298962,0.1098722,-0.009503501,-0.006548322,0.08211348,0.05873971,0.05753494,0.04685442,0.01015902,0.1113683
0.9661323,-0.5320845,-0.4285752,0.1915228,0.2809462,-0.1906172,-0.03072953,-0.1164431,0.1183034,-0.06500071,0.1268125,-0.04786159,-0.1306451,0.1134476,-0.008851633,-0.005854418,0.08072566,0.06142455,0.05547953,0.04747299,0.009266947,0.1105113
0.9732642,-0.5290231,-0.4254375,0.1917885,0.2803528,-0.1879626,-0.03707939,-0.112654,0.1113274,-0.05642185,0.1281849,-0.04645445,-0.130518,0.1106851,-0.01005271,-0.006027348,0.08277443,0.06047926,0.05515988,0.04754809,0.008249652,0.1078586
0.9770737,-0.5269199,-0.4237696,0.1932941,0.2811982,-0.1912308,-0.03445454,-0.1123963,0.1092554,-0.05489907,0.1280839,-0.04584279,-0.1309777,0.1119177,-0.01042971,-0.005392281,0.083303,0.06021876,0.05430687,0.0474967,0.008496314,0.1066069
0.9814415,-0.5252323,-0.4219897,0.1957517,0.2790672,-0.1937098,-0.03094073,-0.1123972,0.1067186,-0.05463645,0.1276103,-0.04606016,-0.1308907,0.1130846,-0.01046541,-0.005061972,0.08412689,0.06191985,0.05374828,0.04843817,0.007386693,0.1057841
0.9848263,-0.5230355,-0.4189743,0.1969665,0.2798822,-0.1959295,-0.02732443,-0.112226,0.1049144,-0.05335164,0.1272603,-0.04622061,-0.1312085,0.1149316,-0.01058674,-0.00446607,0.08440127,0.06205708,0.05327554,0.04819879,0.007548897,0.1048413
0.9912164,-0.522051,-0.4170994,0.2012687,0.2795663,-0.1991266,-0.02129692,-0.1114137,0.1016292,-0.05142267,0.1262906,-0.04584215,-0.1319737,0.1177406,-0.01082347,-0.003471678,0.08515742,0.06092999,0.05136015,0.04870033,0.006659803,0.1032848
0.9985629,-0.523401,-0.4157223,0.2011513,0.2780758,-0.199169,-0.01660798,-0.1124714,0.09837332,-0.04978392,0.1266515,-0.04575863,-0.1303493,0.1205369,-0.01259864,-0.001678388,0.08611914,0.06578211,0.0508361,0.04988441,0.005447451,0.101139
1.003969,-0.5231207,-0.4134361,0.2015255,0.2798457,-0.20104,-0.01384892,-0.1126155,0.09680236,-0.04815759,0.1262169,-0.04560604,-0.1309465,0.1227481,-0.01318178,-0.0009639577,0.08675865,0.066295,0.05011791,0.04975541,0.004275975,0.1000405
1.007121,-0.5205431,-0.4103817,0.2031129,0.2806507,-0.2037958,-0.010609,-0.1120846,0.09568211,-0.0478207,0.1255524,-0.04611999,-0.1310674,0.124292,-0.01395728,-0.0008855959,0.08737502,0.06667233,0.05009535,0.04964338,0.003203826,0.09881201
1.015351,-0.5181945,-0.4077368,0.2060678,0.280429,-0.2058047,-0.004473791,-0.1119538,0.09237889,-0.04604509,0.1228823,-0.04675303,-0.1311956,0.1282781,-0.0145889,0.0005882147,0.08939663,0.06852549,0.04910919,0.05159293,0.002148725,0.0973452
1.020919,-0.5071914,-0.3936806,0.1981056,0.2968042,-0.2141442,-0.002591056,-0.1087087,0.08683223,-0.03929814,0.1214116,-0.04673875,-0.1301793,0.1296445,-0.01816284,0.002023443,0.08961209,0.07283019,0.04727904,0.05127636,0.0007042669,0.0957946
1.023843,-0.5042445,-0.3914421,0.2011203,0.2964703,-0.218515,0.002863441,-0.1079773,0.08366922,-0.03720669,0.1205764,-0.04663778,-0.1304793,0.1321441,-0.01882403,0.002961993,0.09070501,0.07342304,0.04468646,0.05097814,-0.000869692,0.09512945
1.027603,-0.5036036,-0.390988,0.205229,0.2958733,-0.2234296,0.009579365,-0.106553,0.08096875,-0.03515434,0.1189665,-0.04732117,-0.1313714,0.1347814,-0.01895813,0.003414915,0.09153356,0.07249016,0.04352849,0.051528,-0.002444939,0.0944607
1.029783,-0.5016546,-0.3889423,0.2114837,0.2901953,-0.2285081,0.01647584,-0.104889,0.07604372,-0.03475014,0.1189631,-0.04735662,-0.1318083,0.1366517,-0.01893563,0.003421831,0.09305496,0.07362919,0.04161644,0.05200337,-0.004256511,0.09244988
1.030802,-0.5010635,-0.3882624,0.2132467,0.2899782,-0.230095,0.01969851,-0.1044201,0.07439071,-0.03440082,0.118492,-0.04762215,-0.1321202,0.1381063,-0.01894381,0.003785966,0.09381043,0.07388716,0.04076916,0.05207786,-0.004598966,0.09178793
1.032051,-0.5003276,-0.3870818,0.2157763,0.2889787,-0.2310969,0.02374348,-0.1039258,0.0725394,-0.03519448,0.118014,-0.0483987,-0.1321226,0.1399138,-0.0189586,0.003992811,0.0947094,0.07494123,0.04002566,0.05265285,-0.005168531,0.09075608
1.033183,-0.5005311,-0.38666,0.2182261,0.2880065,-0.2329835,0.02883585,-0.1018773,0.06969842,-0.03486799,0.1168717,-0.04802099,-0.1322308,0.1408132,-0.01938845,0.004265898,0.09512347,0.07448062,0.03877885,0.05314146,-0.005642954,0.08948648
1.034197,-0.5002112,-0.3861702,0.2200435,0.2877311,-0.2345074,0.03205789,-0.1013587,0.06808218,-0.0345319,0.116474,-0.04822561,-0.1325015,0.1422639,-0.01939637,0.004635181,0.09585684,0.07468399,0.03796882,0.05328066,-0.006000032,0.08875823
1.036753,-0.4992682,-0.3850695,0.2227235,0.2871639,-0.2372744,0.03710629,-0.1004356,0.06530283,-0.03349118,0.1158572,-0.0481464,-0.1328178,0.144248,-0.01976593,0.005272912,0.09654703,0.07482219,0.03589629,0.05318366,-0.007071609,0.08824784
1.037763,-0.5008628,-0.38584,0.2242397,0.2870306,-0.2385573,0.04073098,-0.09970006,0.06382511,-0.03271096,0.1161435,-0.04838729,-0.1333644,0.1460851,-0.02000406,0.00540007,0.09669802,0.07531751,0.03435231,0.05387181,-0.008055381,0.08733535
1.043072,-0.4992133,-0.3830548,0.2249709,0.2882261,-0.2458443,0.04760186,-0.09720543,0.05935369,-0.02975553,0.1154208,-0.04730777,-0.1321676,0.1490747,-0.02221127,0.006727193,0.09811062,0.07843176,0.03357091,0.05475151,-0.008885751,0.08428597
1.059259,-0.4593765,-0.3383818,0.2121481,0.3494983,-0.3047773,0.06859244,-0.1001088,0.05502082,-0.02734115,0.09423547,-0.04184351,-0.1392713,0.16177,-0.02568567,0.009431124,0.09179202,0.08238486,0.03801693,0.05326228,-0.007095331,0.08634482
1.062321,-0.4585637,-0.3358349,0.2149181,0.3494049,-0.3073811,0.07380328,-0.09848703,0.05184919,-0.02567154,0.09353159,-0.04226004,-0.1400241,0.1647485,-0.02538451,0.00998603,0.09251409,0.08130338,0.03676471,0.05318813,-0.007361494,0.08483123
1.065016,-0.4593036,-0.3334273,0.2199765,0.3456836,-0.308423,0.0799503,-0.09641922,0.04922329,-0.02604284,0.09333951,-0.04351306,-0.1402957,0.167387,-0.02503224,0.009698884,0.09420583,0.08195088,0.03552451,0.05381681,-0.008118874,0.08320985
1.066903,-0.4593979,-0.3334973,0.2224538,0.344531,-0.31036,0.0839852,-0.09552439,0.04726376,-0.02305535,0.09210226,-0.04414744,-0.1404364,0.1690044,-0.02543083,0.00980847,0.09528258,0.08276395,0.03518479,0.05470777,-0.01045849,0.08199149
1.069334,-0.4580724,-0.3318474,0.225665,0.3439529,-0.3123081,0.08737373,-0.09512556,0.04545252,-0.02204953,0.09106443,-0.04470366,-0.1405338,0.1707367,-0.02572303,0.01042623,0.09655543,0.08183105,0.03453386,0.05474546,-0.01078088,0.08055339
1.070223,-0.4581053,-0.331421,0.2283248,0.3426237,-0.3140033,0.09194479,-0.09344056,0.04307753,-0.02219787,0.09086557,-0.04465583,-0.1405849,0.1726109,-0.02595528,0.01089493,0.09795719,0.08220474,0.03261529,0.05479602,-0.0112907,0.07986308
1.070672,-0.4565593,-0.3288845,0.2264498,0.3485357,-0.3204291,0.0973772,-0.092007,0.04065341,-0.01860905,0.08809313,-0.04366992,-0.140776,0.1742051,-0.02808017,0.01150998,0.09686587,0.08448541,0.03210557,0.05462581,-0.01277692,0.07904733
1.072565,-0.4507155,-0.3225119,0.2294533,0.3503663,-0.3247662,0.1043267,-0.08554495,0.03347522,-0.0162483,0.08729243,-0.04564345,-0.1396826,0.1756624,-0.02989223,0.01092937,0.09990618,0.08592542,0.03078886,0.05451114,-0.01467498,0.07655165
1.068972,-0.4591122,-0.3268211,0.2342881,0.3403914,-0.3206909,0.1087122,-0.08625582,0.03464205,-0.01670624,0.08927674,-0.0468343,-0.1400016,0.1754874,-0.02960099,0.009920842,0.1002786,0.08624342,0.02903734,0.05419656,-0.01497983,0.07646155
1.068422,-0.4553108,-0.3220263,0.2371546,0.3442317,-0.3275653,0.1146036,-0.08068494,0.03194414,-0.01696083,0.08856214,-0.04772742,-0.1398777,0.1789753,-0.03038417,0.01006793,0.1021826,0.08679571,0.02836533,0.0540883,-0.01579938,0.07462969
1.069556,-0.455323,-0.3207792,0.240868,0.3423767,-0.3281243,0.1180867,-0.07950311,0.03108255,-0.01604856,0.08738986,-0.04853824,-0.1403351,0.180619,-0.03035024,0.01026388,0.1032835,0.08677001,0.02766996,0.05483733,-0.01668446,0.07354806
1.072296,-0.4556333,-0.3192995,0.2437478,0.3412773,-0.3301785,0.1217001,-0.07811286,0.02978981,-0.01424215,0.08673876,-0.04893094,-0.1409274,0.1822617,-0.02986384,0.01032174,0.1042009,0.08712582,0.02654093,0.05540515,-0.01800216,0.07249552
1.074049,-0.45511,-0.3157324,0.248704,0.3381175,-0.331899,0.1262608,-0.07534014,0.02816686,-0.01354234,0.08608425,-0.04999419,-0.1417414,0.1845208,-0.02893577,0.01008639,0.1046978,0.08732322,0.02570846,0.05526125,-0.01874182,0.07141095
1.068802,-0.4607937,-0.3229333,0.2591889,0.3308161,-0.325478,0.1367096,-0.07362386,0.04105547,-0.0139736,0.07770847,-0.0539066,-0.1405128,0.1850631,-0.03041003,0.008866161,0.1068162,0.0852401,0.02887082,0.05882107,-0.01904345,0.06926902
1.070765,-0.4593661,-0.3209089,0.2631525,0.3304857,-0.3283346,0.1427387,-0.07107692,0.03782021,-0.01347427,0.0762829,-0.05427027,-0.141473,0.1887803,-0.03035806,0.009593149,0.1078854,0.08516907,0.02744722,0.05882531,-0.01979934,0.06789468
1.069546,-0.4585075,-0.320368,0.26834,0.3283333,-0.3317517,0.1500775,-0.06947597,0.03501674,-0.01454097,0.07563994,-0.05511103,-0.1426122,0.1911834,-0.03146647,0.009567825,0.1090022,0.08471524,0.02662854,0.05822523,-0.02045654,0.06612944
1.066495,-0.4587083,-0.321424,0.2735486,0.3232253,-0.331349,0.1565674,-0.06765866,0.03280126,-0.01576145,0.07400358,-0.05706484,-0.1420356,0.1925792,-0.03161168,0.009211767,0.1112144,0.08558518,0.02576973,0.05921912,-0.0215881,0.06455158
1.064142,-0.4574264,-0.3188656,0.2782812,0.3313979,-0.3416268,0.1617561,-0.06770132,0.0206778,-0.0197482,0.07530191,-0.05555359,-0.1447487,0.1955645,-0.03182491,0.009189756,0.1120609,0.08628068,0.02495264,0.05997745,-0.02423662,0.0621341
1.061319,-0.4530548,-0.3153403,0.283513,0.3311103,-0.3468024,0.16778,-0.06590134,0.01820804,-0.01779031,0.07285706,-0.05613528,-0.1459629,0.1965375,-0.03104028,0.008503416,0.1122031,0.0867222,0.0246941,0.05972591,-0.02494874,0.05998492
1.059641,-0.4559222,-0.3152392,0.2899744,0.3267173,-0.3457539,0.1770402,-0.06252011,0.01435977,-0.01544027,0.06954896,-0.05810568,-0.146541,0.1999261,-0.03204798,0.008915575,0.1129158,0.08603855,0.02337407,0.06074569,-0.02599529,0.0586697
1.061827,-0.4551667,-0.3136078,0.295923,0.3208008,-0.3468669,0.1836448,-0.06050651,0.01038347,-0.01505745,0.06736376,-0.0592779,-0.147177,0.2018827,-0.03182875,0.009104224,0.1137112,0.08773104,0.02380482,0.06224996,-0.02771445,0.05512327
1.058424,-0.4461995,-0.3071895,0.2971469,0.3330103,-0.3591383,0.1939046,-0.05594247,0.007414355,-0.01797165,0.06207062,-0.05790313,-0.1486391,0.2071279,-0.03299742,0.01000222,0.1139069,0.09041684,0.02451208,0.06227542,-0.02815205,0.05314548
1.059768,-0.4447845,-0.3015746,0.3027232,0.3335762,-0.3659181,0.2045753,-0.04945203,0.005979019,-0.01348876,0.05774812,-0.05760857,-0.1492257,0.2090036,-0.03286453,0.008702303,0.1128281,0.09024089,0.02265253,0.06270333,-0.02961742,0.05103126
1.057681,-0.442939,-0.2983421,0.3094368,0.332251,-0.3706762,0.2119677,-0.04438045,0.001768755,-0.01910639,0.05684039,-0.05733677,-0.1497287,0.2120935,-0.03352195,0.008378309,0.116414,0.0923496,0.0208176,0.06262276,-0.02979311,0.04982561
1.060389,-0.4440858,-0.2969206,0.3141452,0.332282,-0.3734555,0.2183907,-0.04173489,-0.002288271,-0.01606684,0.05617842,-0.05897301,-0.1506182,0.2159614,-0.03311318,0.009677456,0.117608,0.0908154,0.01945618,0.06358715,-0.03023393,0.0478382
1.061822,-0.4431499,-0.2944485,0.3201457,0.3307771,-0.3766081,0.2262813,-0.03826157,-0.004876079,-0.0145283,0.05326852,-0.05910222,-0.1510307,0.218654,-0.03300066,0.01015183,0.1188569,0.09147692,0.01787483,0.06438772,-0.03148092,0.04571716
1.055999,-0.4511867,-0.2939501,0.326801,0.3232988,-0.3687768,0.2363254,-0.03649953,-0.004065856,-0.01892024,0.05288379,-0.06051454,-0.1501876,0.2214157,-0.03103879,0.009602962,0.1201929,0.09322011,0.0157815,0.06364039,-0.03209584,0.0438748
1.056325,-0.4488117,-0.2888306,0.3323001,0.3268712,-0.3745762,0.2451047,-0.03188549,-0.005753657,-0.01956257,0.05271299,-0.06241007,-0.1487346,0.2245207,-0.0314008,0.01043892,0.12143,0.0909762,0.01410339,0.06484687,-0.03337451,0.04139182
1.056653,-0.4453012,-0.2874855,0.3368084,0.3317443,-0.3825355,0.2510394,-0.02929537,-0.01109628,-0.0176923,0.04926167,-0.06012601,-0.151737,0.2268607,-0.03060586,0.01024095,0.1237902,0.09298286,0.0144728,0.06438754,-0.0363548,0.03924878
1.052575,-0.4426834,-0.2849431,0.3425883,0.33052,-0.389951,0.2616478,-0.0250243,-0.01324977,-0.02103785,0.04691317,-0.062271,-0.1507389,0.2290418,-0.03103899,0.01003912,0.1254282,0.09504762,0.01472193,0.06598783,-0.0377334,0.03629943
1.048491,-0.4325467,-0.2762624,0.345686,0.3379898,-0.4018115,0.2681786,-0.02093422,-0.01818053,-0.02082611,0.04235106,-0.06108718,-0.1512224,0.2296894,-0.03172461,0.01035888,0.125742,0.09585168,0.01324267,0.0644704,-0.03908473,0.03456211
1.049797,-0.4304721,-0.270502,0.3530394,0.3395521,-0.4045413,0.2764722,-0.0157724,-0.02180428,-0.02279205,0.038876,-0.06233756,-0.1512419,0.2334455,-0.03280667,0.0112019,0.1277526,0.09524214,0.01372279,0.06510324,-0.04056061,0.03222222
1.050181,-0.426332,-0.263447,0.3573815,0.3411101,-0.4062538,0.2824714,-0.01215389,-0.02403331,-0.02385917,0.03534567,-0.0615209,-0.1515381,0.2352524,-0.03237423,0.01113821,0.1269529,0.09781057,0.01269933,0.06575018,-0.0435927,0.02949043
1.051135,-0.4199456,-0.2546512,0.3611379,0.3455799,-0.4136113,0.2913283,-0.007079113,-0.02914059,-0.02102215,0.03253395,-0.06417552,-0.1515227,0.23961,-0.03150721,0.01147341,0.129219,0.1004217,0.01172931,0.06779893,-0.04515469,0.02489368
1.051432,-0.4079264,-0.2454814,0.3657134,0.3512217,-0.4252614,0.3021865,0.001145487,-0.02153541,-0.01468632,0.02342053,-0.0663577,-0.1524479,0.2413917,-0.03190057,0.0106484,0.1270356,0.09898591,0.01194932,0.06824666,-0.04725276,0.02052432
1.051866,-0.4041148,-0.2405763,0.370771,0.3529279,-0.4302351,0.3079879,0.004828997,-0.02339275,-0.01581188,0.021357,-0.06726426,-0.1523264,0.2429761,-0.03242463,0.01074247,0.1283112,0.09925538,0.01163139,0.06878463,-0.04878236,0.0183814
1.051824,-0.3965048,-0.232961,0.3734826,0.356748,-0.4395354,0.3156182,0.008866129,-0.02762817,-0.01423046,0.01810682,-0.06876045,-0.153168,0.2467753,-0.03155142,0.01128661,0.1293835,0.1004014,0.01144936,0.06973638,-0.04946291,0.01511811
1.044251,-0.3941031,-0.2306503,0.3744051,0.3645724,-0.4397865,0.3206528,0.01468432,-0.02445745,-0.01259941,0.01273628,-0.0731713,-0.1554375,0.2478988,-0.03046433,0.009473488,0.1306796,0.1005447,0.01516194,0.07118001,-0.04899612,0.01313854
1.0393,-0.3910859,-0.2303623,0.3863175,0.3657678,-0.4562651,0.3389161,0.01608734,-0.02273051,-0.0282712,0.007908824,-0.07536715,-0.1551624,0.2588376,-0.02854434,0.009382393,0.1351648,0.1077856,0.0118971,0.07760891,-0.05038312,0.01139767
1.032466,-0.3894195,-0.2290209,0.3933599,0.3637913,-0.4574428,0.3447234,0.02085482,-0.02203328,-0.02761104,0.007479653,-0.07616158,-0.1560555,0.2617682,-0.02669047,0.009767483,0.1362343,0.1057905,0.01263384,0.07531764,-0.04969856,0.008958108
1.023301,-0.3988056,-0.2370531,0.4026204,0.355077,-0.4549625,0.3462868,0.02458529,-0.02338379,-0.03449969,0.01025714,-0.07567838,-0.1582203,0.263137,-0.02491868,0.008174094,0.1361075,0.1035231,0.01198143,0.07538501,-0.04803475,0.007589018
1.015639,-0.3907994,-0.2378613,0.4126383,0.3446421,-0.45468,0.3561236,0.03451513,-0.01163935,-0.02755912,0.002811094,-0.08058735,-0.1565362,0.2627656,-0.02587398,0.007852663,0.1392593,0.1005222,0.01319334,0.07454889,-0.04986789,0.00428463
0.9813028,-0.4426027,-0.2947836,0.4414514,0.2635372,-0.3948006,0.3442591,0.03688864,-0.01840663,-0.04293156,0.02975336,-0.08916345,-0.148687,0.2549016,-0.02227905,0.006109572,0.1510933,0.1001801,0.006966298,0.07894587,-0.04976461,-0.0029772
1.001885,-0.3450821,-0.2144785,0.4075971,0.3734567,-0.4844398,0.3785602,0.04626758,-0.01412123,-0.02651173,-0.006714659,-0.08812626,-0.1561092,0.2622571,-0.02533971,0.004570615,0.1465557,0.1016134,0.01664753,0.07412552,-0.04979381,-0.007315962
0.9863129,-0.400225,-0.2526403,0.4392912,0.3197813,-0.4433149,0.3729359,0.05030342,-0.01011396,-0.0376104,0.002684203,-0.08533644,-0.1525329,0.266304,-0.02735,0.006955161,0.1454473,0.1059732,0.007732431,0.07726869,-0.0513905,-0.004222132
0.9802706,-0.4007292,-0.252398,0.4461335,0.3152845,-0.4406373,0.377962,0.05390512,-0.008128098,-0.04042294,0.00182719,-0.08807424,-0.1525875,0.2676008,-0.02665309,0.006402,0.1472929,0.1064905,0.007974053,0.07740688,-0.05152655,-0.005525583
0.9750293,-0.4006855,-0.2493743,0.450864,0.314422,-0.4470042,0.385796,0.06215872,-0.005796892,-0.04033361,0.001408634,-0.08865996,-0.1538116,0.2690948,-0.02377428,0.005558489,0.1503192,0.1071514,0.004555814,0.07758556,-0.05097742,-0.007409526
0.9748418,-0.3793413,-0.2404382,0.4456381,0.3464485,-0.4729812,0.3897213,0.0572465,-0.006996933,-0.0384008,-0.01182047,-0.08809892,-0.1624465,0.2676776,-0.02355746,0.004722935,0.1473103,0.09302121,0.01757219,0.07288954,-0.04895623,-0.002738139
0.9649937,-0.3755363,-0.2401278,0.4590318,0.3372712,-0.4650964,0.3985199,0.06630606,-0.004008403,-0.04629008,-0.01527887,-0.09109595,-0.1613136,0.272702,-0.0187594,0.005680539,0.1513992,0.09395164,0.01596237,0.07322433,-0.04459472,-0.006882777
0.9665399,-0.3711284,-0.2372405,0.4670419,0.33165,-0.4668249,0.4105425,0.07653464,0.005648187,-0.04400849,-0.02106543,-0.09290294,-0.1614775,0.2725793,-0.0187807,0.007198859,0.1562588,0.09335468,0.01558356,0.07308656,-0.04770279,-0.01049088
0.9606258,-0.3697555,-0.2381153,0.4758227,0.3280818,-0.463664,0.4243381,0.0829915,0.008817623,-0.04558948,-0.02230757,-0.09683465,-0.1596379,0.2726696,-0.01971022,0.007733947,0.1607754,0.08968881,0.01867745,0.07336765,-0.04737814,-0.0175404
0.9362205,-0.3966281,-0.2707244,0.507408,0.2791748,-0.4270031,0.4126839,0.0873448,0.004499702,-0.06374502,-0.0125648,-0.1014744,-0.1559813,0.276316,-0.01609104,0.00613395,0.1653251,0.0915313,0.01218441,0.07870942,-0.04791058,-0.01751805
0.9208966,-0.4038101,-0.2794365,0.5169973,0.2711378,-0.4190494,0.4212142,0.09233157,0.01533824,-0.06851231,-0.01646431,-0.1061052,-0.1577816,0.2760015,-0.01420638,0.006341435,0.1686623,0.09038921,0.01770394,0.07845823,-0.04881954,-0.01663943
0.9132844,-0.4090193,-0.2813664,0.51963,0.266911,-0.4163353,0.41953,0.09336933,0.01108093,-0.06728499,-0.01783666,-0.1068154,-0.1575532,0.2725103,-0.01428394,0.00651974,0.1657512,0.0870874,0.01912052,0.07807813,-0.04796956,-0.01823098
0.9049376,-0.4122989,-0.2832332,0.5249484,0.254416,-0.4083501,0.4260282,0.1046464,0.01205576,-0.06926712,-0.02064362,-0.1100302,-0.1568494,0.2708513,-0.01139327,0.006054255,0.1691151,0.08751395,0.01850472,0.07878136,-0.04653388,-0.02179962
0.9098107,-0.4039787,-0.2730742,0.5361833,0.2563812,-0.4273211,0.4461215,0.1024888,0.006973001,-0.07780014,-0.02826298,-0.1104586,-0.158716,0.2844728,-0.006407443,0.007970714,0.1715672,0.09141611,0.01657308,0.08230684,-0.04447868,-0.02421564
0.9027059,-0.401019,-0.2715341,0.540845,0.2499444,-0.424147,0.4570518,0.1175004,0.02786591,-0.07937738,-0.03708004,-0.1115582,-0.1597847,0.2789156,-0.008328285,0.008338857,0.1746669,0.09183621,0.01803904,0.08141605,-0.04930351,-0.02799429
0.8976297,-0.3954389,-0.2629422,0.5417032,0.260221,-0.429164,0.465551,0.1197824,0.0285623,-0.0816941,-0.04521502,-0.1120869,-0.1622068,0.2801319,-0.004289648,0.008512373,0.1746517,0.09273993,0.02150661,0.081563,-0.04906367,-0.03006361
0.8929327,-0.3878073,-0.2643415,0.5496905,0.2566999,-0.4312102,0.4708354,0.1250485,0.03142486,-0.08678242,-0.04814421,-0.1106737,-0.1632086,0.2811168,-0.003401227,0.009180832,0.1768225,0.09408903,0.01809712,0.0803661,-0.04819782,-0.03013464
0.8689292,-0.3933015,-0.2636809,0.5575629,0.2323577,-0.4123255,0.4786886,0.1439137,0.07160946,-0.0764306,-0.06372017,-0.1154698,-0.1625727,0.2664154,-0.003663613,0.01057942,0.1762179,0.09463809,0.02543322,0.07889806,-0.04443398,-0.03745701
0.8603348,-0.3931626,-0.2581481,0.5587821,0.2253168,-0.4144676,0.4813651,0.1463664,0.06369416,-0.08024655,-0.06287728,-0.1206003,-0.1633807,0.2718551,-0.0006841322,0.01244858,0.1739325,0.09172142,0.03081752,0.07564806,-0.04482656,-0.04284902
0.8303418,-0.4405023,-0.3194693,0.5937307,0.1585831,-0.3512654,0.4655325,0.1382065,0.04214553,-0.1030653,-0.03943584,-0.126498,-0.1551229,0.2724954,0.005600502,0.009653124,0.1920219,0.08519009,0.02395292,0.08175703,-0.04494707,-0.04046729
0.8134637,-0.4417762,-0.3183242,0.5984423,0.1594249,-0.3443278,0.4630842,0.1413628,0.04535391,-0.1048326,-0.03470054,-0.1302028,-0.152808,0.271412,0.004762078,0.008651657,0.1930978,0.08215705,0.02474272,0.08054136,-0.04563188,-0.04050231
0.8086109,-0.4384343,-0.3145843,0.5986593,0.1658596,-0.3474136,0.4608189,0.1421353,0.04489421,-0.1062827,-0.03564676,-0.1311746,-0.1540077,0.2728129,0.006462811,0.009204288,0.1931165,0.08229329,0.02624039,0.0798312,-0.04573866,-0.03897917
0.80572,-0.4368678,-0.3144602,0.5941251,0.1748783,-0.3499925,0.4582764,0.1393144,0.040252,-0.1082705,-0.03424887,-0.1320781,-0.1549596,0.2737596,0.007306858,0.007915202,0.1931497,0.08242138,0.02801049,0.08087274,-0.04405339,-0.03898463
0.8108937,-0.4158712,-0.2861589,0.5758758,0.2298984,-0.3790573,0.4556222,0.1318178,0.03210878,-0.1051648,-0.04745463,-0.1242825,-0.1641443,0.2797368,0.007249036,0.00821615,0.1865147,0.08820611,0.03017172,0.07854987,-0.04582146,-0.0327143
0.7998357,-0.4148047,-0.2921391,0.5730581,0.2411817,-0.382506,0.4524778,0.1240992,0.02690915,-0.1169508,-0.04929573,-0.1251831,-0.1673925,0.2824662,0.01025366,0.006047162,0.1823441,0.0928624,0.03197996,0.08146608,-0.04539046,-0.02988363
0.7893572,-0.4179371,-0.2916923,0.5716933,0.2491955,-0.3878782,0.4442144,0.1158437,0.01373646,-0.1197337,-0.04268609,-0.1275548,-0.1679475,0.2842055,0.01100562,0.004261051,0.180878,0.09242883,0.03471991,0.08325496,-0.04679818,-0.02843129
0.7848866,-0.4171257,-0.2898988,0.5708583,0.2567687,-0.3899608,0.4430914,0.1158699,0.01104812,-0.1212945,-0.04206512,-0.1258843,-0.1690289,0.2848665,0.01095621,0.004758132,0.1800768,0.09097782,0.03452925,0.08133147,-0.04621927,-0.02723041
0.782039,-0.4158457,-0.2919659,0.5653463,0.2664414,-0.396701,0.4448348,0.1107868,0.008506997,-0.124008,-0.04291448,-0.1259044,-0.1703264,0.2846194,0.01160339,0.003696524,0.1798118,0.09196067,0.03671485,0.08380025,-0.04675116,-0.02686048
0.784229,-0.3885571,-0.2628073,0.5567947,0.3080398,-0.4231056,0.4589198,0.1284704,0.0266135,-0.11791,-0.05852157,-0.1228561,-0.1751775,0.2878608,0.01246629,0.004244004,0.1818817,0.09381946,0.04030118,0.07999304,-0.04818428,-0.02392989
0.7758015,-0.3848456,-0.2605522,0.5591259,0.3194768,-0.4286133,0.4606974,0.1311361,0.02499125,-0.1180535,-0.06120897,-0.1198822,-0.1771213,0.2875305,0.0121658,0.00495946,0.1832992,0.09266243,0.03780398,0.07818336,-0.04892413,-0.01841611
0.7723215,-0.3854894,-0.2632343,0.5545239,0.3264259,-0.4334498,0.4596082,0.1286504,0.02209352,-0.1156599,-0.06163777,-0.1187942,-0.1783383,0.2887109,0.01267529,0.00619773,0.1798113,0.09153388,0.03813399,0.07871309,-0.04794154,-0.01918507
0.7647638,-0.3792496,-0.2623363,0.5552288,0.3326037,-0.4336919,0.4531578,0.1240321,0.01560144,-0.1211337,-0.0635483,-0.1194731,-0.1779747,0.2901121,0.01336191,0.006244052,0.1811379,0.09266619,0.04138312,0.07951252,-0.04985461,-0.0182695
0.7572632,-0.3835463,-0.2661661,0.5530577,0.3366295,-0.4360313,0.4536126,0.1218295,0.01269856,-0.1245594,-0.06257384,-0.1207551,-0.1783689,0.2912316,0.01357154,0.00566769,0.1792252,0.09332623,0.04246252,0.08204136,-0.04906813,-0.01930141
0.7502171,-0.3842305,-0.2660099,0.5548312,0.3438822,-0.4334971,0.452571,0.1200325,0.01036415,-0.1262142,-0.06244793,-0.1215036,-0.1784937,0.2940314,0.01479781,0.006416435,0.1792617,0.09273487,0.04308801,0.08432195,-0.04710139,-0.01930039
0.7448919,-0.384137,-0.2668353,0.5544416,0.347708,-0.4343026,0.4515071,0.1193473,0.008582366,-0.1265958,-0.06195202,-0.1230245,-0.1788761,0.2941917,0.01536821,0.006154118,0.1788905,0.09220479,0.04502843,0.08441117,-0.04706446,-0.01908295
0.7336369,-0.3804307,-0.2700473,0.5543893,0.3641129,-0.4353236,0.4424462,0.107273,-0.006178008,-0.1382884,-0.06014429,-0.1190271,-0.1810409,0.29853,0.01562636,0.00606006,0.1825614,0.0930213,0.04572922,0.08458271,-0.04174489,-0.01290226
0.7295488,-0.3783793,-0.2686841,0.5530929,0.3702699,-0.4376099,0.4417002,0.1071938,-0.00790719,-0.1392096,-0.06087847,-0.1190926,-0.1819519,0.2992304,0.01595491,0.005939839,0.182233,0.09301675,0.04675164,0.08439317,-0.04144662,-0.01185379
0.7210857,-0.3974492,-0.2829804,0.5675256,0.3420179,-0.4196007,0.443351,0.1138925,0.005722709,-0.1344467,-0.05773915,-0.121894,-0.1805835,0.2945362,0.01795379,0.005210729,0.1851875,0.08749038,0.04552961,0.08192746,-0.04541059,-0.01039644
0.722986,-0.3716048,-0.2467849,0.5547556,0.3882859,-0.4442466,0.4468483,0.1176162,-0.0007975698,-0.129331,-0.06849819,-0.1224063,-0.1832322,0.2985933,0.01414327,0.00656108,0.1827341,0.08688485,0.05313451,0.07950854,-0.04356866,-0.009689183
0.7223851,-0.3610372,-0.2416413,0.5503529,0.4056114,-0.4524126,0.4419895,0.1134078,-0.01763608,-0.1345399,-0.06882463,-0.1190256,-0.1856809,0.3045249,0.01755534,0.007690922,0.1825517,0.08922049,0.05248044,0.07978607,-0.04182693,-0.007596426
0.7215464,-0.360827,-0.2400296,0.5454468,0.4122553,-0.4545287,0.4423747,0.1135998,-0.01778216,-0.1346546,-0.07224181,-0.1194596,-0.1867137,0.3035971,0.01771036,0.006904701,0.1787892,0.08907109,0.05525675,0.07991608,-0.04074591,-0.005740214
0.7160821,-0.3564027,-0.2329551,0.5460021,0.4169696,-0.4599046,0.4475109,0.1196365,-0.01623915,-0.1362349,-0.07501855,-0.1211258,-0.1867715,0.3071049,0.0205187,0.006908568,0.1816828,0.08997566,0.05836566,0.08129782,-0.04184406,-0.008841683
0.7033013,-0.3537041,-0.2295725,0.545732,0.4295365,-0.4589626,0.4431972,0.1201257,-0.02188571,-0.1344693,-0.07485503,-0.1172915,-0.1893733,0.3079661,0.02116577,0.007454182,0.1808894,0.08889747,0.05598341,0.07838439,-0.04106397,-0.006533606
0.6947169,-0.3542924,-0.2351238,0.5463774,0.4312606,-0.4599167,0.446483,0.1186503,-0.02150891,-0.1399954,-0.07504608,-0.1177567,-0.1902672,0.3079348,0.022914,0.00708593,0.1794327,0.08862243,0.05679597,0.07780436,-0.04123905,-0.004546635
0.6581051,-0.3678315,-0.257187,0.5436085,0.4243732,-0.4375704,0.4281986,0.1125563,-0.0253089,-0.145799,-0.06544378,-0.1191884,-0.1919826,0.2976819,0.0231872,0.004064762,0.1753085,0.08679951,0.05898576,0.0741817,-0.0412772,-0.0001845956
0.6536266,-0.3571873,-0.2456703,0.5356768,0.4505978,-0.4489776,0.4269876,0.1132038,-0.02886735,-0.1461608,-0.06879885,-0.1161852,-0.1946386,0.2995683,0.02234734,0.005047553,0.1735451,0.08724442,0.05981466,0.07169648,-0.03967788,0.002610083
0.6430158,-0.3566774,-0.2482323,0.5343816,0.4612397,-0.4558897,0.4304664,0.1098,-0.02852709,-0.1498747,-0.06958506,-0.1157815,-0.1959514,0.3019259,0.02402707,0.005570302,0.1711226,0.08601324,0.06070806,0.07156736,-0.04062241,0.005524127
0.6328041,-0.3638788,-0.253831,0.5349517,0.4664346,-0.4525216,0.4315629,0.1065154,-0.03307185,-0.1507853,-0.06923892,-0.1142179,-0.1963452,0.2991825,0.02367248,0.00486288,0.1710613,0.08363488,0.06137564,0.07003854,-0.04251966,0.008804947
0.6205735,-0.355698,-0.2528695,0.5356854,0.4774739,-0.4523498,0.4324244,0.1111395,-0.02349356,-0.1502144,-0.07611392,-0.1152439,-0.195494,0.2993324,0.02517921,0.005677074,0.173561,0.08420225,0.06164703,0.07220265,-0.04181192,0.008733544
0.6117338,-0.3527026,-0.2463523,0.5281577,0.4905774,-0.462014,0.4301243,0.1124503,-0.02934556,-0.1511985,-0.07289801,-0.1135688,-0.1964647,0.2984326,0.02733196,0.005601389,0.1719207,0.08401271,0.06112556,0.06899902,-0.04318441,0.009802972
0.6033127,-0.3550942,-0.2498867,0.5274399,0.4942645,-0.4653043,0.431177,0.11199,-0.02742501,-0.1520645,-0.07136676,-0.1152377,-0.1965004,0.2988065,0.02857851,0.005056346,0.1703306,0.08420721,0.061841,0.07000142,-0.04357189,0.009547317
0.5919919,-0.3591684,-0.2508092,0.5264317,0.4986708,-0.4663054,0.4263102,0.1059805,-0.03827944,-0.160207,-0.06417684,-0.114628,-0.1977402,0.3004776,0.03037359,0.005732094,0.1703325,0.08454321,0.06097509,0.069928,-0.04198427,0.01095817
0.5679492,-0.3513826,-0.2485098,0.5282559,0.5035105,-0.4635757,0.4271818,0.1063318,-0.04065678,-0.1631552,-0.0667837,-0.1148555,-0.1982921,0.2983184,0.03185369,0.003814079,0.1705109,0.08725864,0.06034197,0.0680306,-0.04297129,0.01193647
0.5592196,-0.3503623,-0.2476614,0.529672,0.5119163,-0.463564,0.4323911,0.1078567,-0.03241034,-0.1593813,-0.06779627,-0.1180025,-0.1991478,0.30179,0.03463004,0.005146371,0.1695212,0.08017659,0.06158382,0.06148368,-0.03811574,0.01734365
0.5471117,-0.3510587,-0.2508922,0.5326399,0.5144752,-0.4637392,0.4371745,0.1092564,-0.0343394,-0.1612029,-0.06675501,-0.118406,-0.1993539,0.3018468,0.03567086,0.004301497,0.1702641,0.08091814,0.05983442,0.06120622,-0.03674839,0.0189637
0.5349213,-0.3495372,-0.2490366,0.5264007,0.5267339,-0.4692719,0.437003,0.1096907,-0.03761533,-0.1655699,-0.06714078,-0.1170326,-0.2002181,0.3004265,0.03689633,0.003270493,0.1676204,0.08258244,0.06129618,0.06083733,-0.03840456,0.02000276
0.5233415,-0.3511682,-0.2517236,0.5264957,0.5318201,-0.4718378,0.4390422,0.1090476,-0.03783048,-0.169794,-0.06601324,-0.1176166,-0.2014158,0.3013696,0.03922313,0.002552393,0.1680846,0.08258914,0.06159591,0.06102545,-0.03729839,0.02014921
0.5151318,-0.3541145,-0.2539316,0.5249397,0.5358083,-0.4681391,0.4373049,0.1076848,-0.03705937,-0.1686709,-0.06701762,-0.1161497,-0.2022759,0.2995282,0.0403232,0.002463524,0.1645764,0.08220238,0.06266906,0.06032233,-0.03742646,0.02204878
0.5078074,-0.3429011,-0.2542149,0.5257505,0.5406311,-0.4707041,0.4451627,0.1079591,-0.02455313,-0.1661103,-0.07659728,-0.1169429,-0.2018078,0.2974379,0.04044712,0.003299573,0.164003,0.08189905,0.06298136,0.05958951,-0.03772017,0.02237305
0.5062688,-0.3345616,-0.2458499,0.5191526,0.561929,-0.483748,0.4482556,0.1082516,-0.02820572,-0.1683394,-0.07823574,-0.1160257,-0.2025674,0.2994201,0.0411109,0.003206145,0.1625332,0.08110427,0.06505322,0.05948346,-0.03843705,0.02392045
0.495943,-0.3318429,-0.247329,0.5172427,0.5720314,-0.4831661,0.4443692,0.1056567,-0.03230586,-0.1695926,-0.07917733,-0.1173581,-0.2025729,0.2987277,0.04163009,0.002854117,0.1625781,0.0811849,0.06663017,0.06056868,-0.03943282,0.02605325
0.4864867,-0.3343729,-0.2451898,0.5108351,0.5831693,-0.4844368,0.4416201,0.1056703,-0.04176535,-0.1781175,-0.07635565,-0.1104963,-0.2049166,0.2975299,0.04360327,0.002627583,0.1587501,0.08329887,0.06507701,0.05922119,-0.03969756,0.02573712
0.4727318,-0.3365448,-0.2493265,0.5126363,0.5821193,-0.4816381,0.4452249,0.1058398,-0.03957822,-0.1802364,-0.07286948,-0.1122555,-0.204471,0.2977993,0.04509124,0.001122501,0.1600394,0.08299357,0.06318557,0.05971919,-0.03834535,0.02449138
0.4647145,-0.3381132,-0.2497206,0.5086178,0.5950468,-0.4827497,0.4454975,0.1084497,-0.04143776,-0.1825446,-0.07448204,-0.1100276,-0.2065503,0.2976259,0.0468949,0.001248469,0.1585731,0.08349007,0.06244008,0.05872612,-0.03796314,0.02795404
0.4472447,-0.338305,-0.2498358,0.5112897,0.6002788,-0.4847383,0.449486,0.108757,-0.04284916,-0.1837145,-0.07197685,-0.113484,-0.2053298,0.296681,0.0474777,0.001165296,0.1604532,0.0805692,0.06134759,0.05727245,-0.03602197,0.02831497
0.4377477,-0.3325741,-0.2444577,0.5062141,0.6049221,-0.4844021,0.4515162,0.1114864,-0.03949245,-0.1852781,-0.08136606,-0.1112909,-0.2070839,0.2915002,0.04864909,0.0003295011,0.1557309,0.0845524,0.06443425,0.05574192,-0.0348524,0.02891153
0.4299395,-0.3321286,-0.2439168,0.5043125,0.61171,-0.4838512,0.452518,0.1125503,-0.03729671,-0.1865174,-0.08337984,-0.110216,-0.2078774,0.2905741,0.05030033,-0.0003811469,0.1551489,0.08462492,0.06506038,0.05592286,-0.0348106,0.02902668
0.4203449,-0.3357442,-0.2521515,0.5104058,0.6014814,-0.4693053,0.4483496,0.11623,-0.03466577,-0.1868562,-0.08380494,-0.1134308,-0.2072865,0.2877482,0.05120693,-0.001315526,0.157617,0.08273021,0.06681253,0.05533409,-0.03273593,0.03110722
0.4165655,-0.3254457,-0.243834,0.5089381,0.6216723,-0.4827352,0.4465492,0.1193044,-0.03495103,-0.1781266,-0.08762046,-0.1122915,-0.2086476,0.2903449,0.04991395,0.001164159,0.1560767,0.08068854,0.06767885,0.05442044,-0.03356427,0.0319226
0.410285,-0.3366562,-0.2520579,0.5112141,0.6305653,-0.474654,0.4362323,0.1163309,-0.04319301,-0.1865726,-0.09013784,-0.1054325,-0.2089476,0.2940813,0.04870998,0.00146551,0.1590638,0.08185659,0.07576091,0.05822915,-0.03933263,0.03257357
0.3906441,-0.3572322,-0.2865376,0.5316263,0.5880693,-0.4367557,0.4308518,0.1168484,-0.03968571,-0.1940423,-0.0816896,-0.1147932,-0.2067254,0.2875071,0.0504669,0.0003337736,0.1645772,0.07860389,0.07233434,0.06081678,-0.04001669,0.03435034
0.3835292,-0.3580437,-0.288406,0.5295457,0.592438,-0.4333383,0.4278804,0.1161906,-0.04134106,-0.1980536,-0.08189756,-0.1145292,-0.2073586,0.2864263,0.05009263,0.0005698542,0.1654972,0.07852978,0.07283171,0.06113963,-0.04005785,0.03622247
0.3896005,-0.3377282,-0.2710917,0.5138545,0.633163,-0.4662801,0.4346429,0.1120817,-0.03793762,-0.1981366,-0.09422471,-0.1073238,-0.2145206,0.2948589,0.05189551,0.003271678,0.160416,0.08102541,0.07662816,0.05895545,-0.03766621,0.04018559
0.3850625,-0.3315065,-0.2677181,0.5103833,0.6464486,-0.4721528,0.4338485,0.1134722,-0.03909018,-0.1947922,-0.09690162,-0.1082756,-0.2162657,0.2954237,0.05168751,0.004080994,0.1578782,0.07926019,0.07894348,0.05843536,-0.03807775,0.04115084
0.3785073,-0.3327411,-0.2695373,0.5120332,0.6522899,-0.4714775,0.4323385,0.1167196,-0.03854661,-0.1927258,-0.09550709,-0.1081962,-0.2158758,0.2960247,0.05159268,0.004152833,0.1587044,0.07813253,0.07792739,0.05827384,-0.03586301,0.04216651
0.364196,-0.3369946,-0.2691711,0.5086291,0.6586725,-0.469758,0.4310837,0.1193258,-0.03737232,-0.1951331,-0.09961154,-0.1050968,-0.2168523,0.2907262,0.05116755,0.001833463,0.1544112,0.08049612,0.07667667,0.05810946,-0.04160862,0.04744259
0.353128,-0.3404245,-0.268643,0.5098906,0.658116,-0.4628971,0.4289128,0.1158544,-0.04195096,-0.1980401,-0.09885331,-0.1048485,-0.217656,0.2882837,0.05192965,0.001310479,0.1542393,0.08111816,0.07757637,0.05746536,-0.0415228,0.04886394
0.3391442,-0.3407136,-0.2704267,0.5099688,0.6586238,-0.4627455,0.4286961,0.1156121,-0.03896684,-0.1976206,-0.09845988,-0.1074554,-0.2169668,0.2874547,0.05213493,0.0005542137,0.1545034,0.07941816,0.07844743,0.05808061,-0.04152988,0.0495658
0.3341907,-0.3380924,-0.2735182,0.5071487,0.6613747,-0.4585241,0.4265538,0.1162907,-0.0384649,-0.1974864,-0.1000163,-0.1091148,-0.2171108,0.2859948,0.0524705,0.0002720563,0.1547542,0.07959741,0.08003502,0.05978733,-0.04291421,0.04952319
0.3261457,-0.3389575,-0.2726597,0.5061272,0.6666141,-0.4559596,0.4250982,0.1162502,-0.03792024,-0.1971055,-0.1017847,-0.1087341,-0.217252,0.2849893,0.05296946,0.0004921062,0.1535317,0.07686828,0.0814159,0.05852333,-0.04096594,0.05205686
0.3201037,-0.3311017,-0.2712933,0.5035002,0.6787419,-0.4620064,0.424093,0.1170493,-0.03840058,-0.1967705,-0.1011375,-0.111164,-0.2189093,0.2868137,0.05319029,0.000228833,0.1547901,0.07657414,0.08189404,0.0599214,-0.04243954,0.05451442
0.3149726,-0.3253422,-0.2681602,0.5019932,0.6870975,-0.4595947,0.4221889,0.1176756,-0.04114316,-0.1995415,-0.101183,-0.1094277,-0.2195545,0.287179,0.05520644,0.0003112781,0.1548833,0.07736853,0.07918424,0.05933462,-0.04210101,0.05588892
0.316613,-0.3142319,-0.2586683,0.496902,0.7043775,-0.470811,0.4201907,0.1191468,-0.0376634,-0.1901387,-0.1102416,-0.105893,-0.2216354,0.2888668,0.05533932,0.002494871,0.1509474,0.07530091,0.08012222,0.05753065,-0.04282103,0.05847296
0.3084359,-0.3122475,-0.2605002,0.4981245,0.706608,-0.4676685,0.4194722,0.1195099,-0.04150382,-0.1936863,-0.1082684,-0.1097081,-0.221041,0.2902772,0.05514497,0.002435939,0.1534276,0.07547151,0.08127259,0.05940058,-0.04323189,0.0584836
0.2778189,-0.3506773,-0.3068806,0.5223123,0.64737,-0.4068046,0.4124184,0.1279788,-0.0270323,-0.1995911,-0.1009204,-0.1184137,-0.2159276,0.2855817,0.05646389,0.004588781,0.1610982,0.06720171,0.07729927,0.06170889,-0.04217879,0.05764681
0.3126007,-0.2639702,-0.2172664,0.4788006,0.7716928,-0.4952282,0.430986,0.1354935,-0.02709211,-0.172285,-0.1385577,-0.1086207,-0.2225028,0.2958161,0.05576612,0.009093019,0.1496584,0.07044147,0.08597235,0.05765577,-0.04148879,0.06064348
0.2725962,-0.35346,-0.3036665,0.5230165,0.6691437,-0.415738,0.4097296,0.1251674,-0.03448026,-0.2052307,-0.1021803,-0.1128657,-0.218327,0.2904148,0.05672371,0.006673006,0.1615332,0.06653652,0.07688946,0.06166668,-0.04270572,0.06171158
0.2684864,-0.3532397,-0.3051046,0.521833,0.6757143,-0.4146957,0.40841,0.1233585,-0.03673906,-0.2090813,-0.1031228,-0.1107647,-0.220164,0.2912549,0.05610674,0.006952149,0.1615028,0.06631211,0.07591729,0.06085909,-0.0423044,0.0641645
0.2742231,-0.3309206,-0.2828663,0.5128717,0.7127709,-0.4322406,0.4103598,0.1267308,-0.04030326,-0.2002706,-0.1108296,-0.1084026,-0.2237334,0.2955404,0.05636128,0.009742436,0.1582684,0.06442782,0.07716486,0.05777104,-0.04114246,0.06706006
0.2676199,-0.331061,-0.2820379,0.5119957,0.7203991,-0.4339629,0.4108467,0.1254672,-0.04264206,-0.2000417,-0.1091573,-0.1089775,-0.2268094,0.2992166,0.05791937,0.0112372,0.1567693,0.06298786,0.07530204,0.056454,-0.0420317,0.06780738
0.2578877,-0.3328378,-0.2829343,0.5145555,0.7221926,-0.430759,0.4121194,0.1286699,-0.04388799,-0.2050538,-0.1084791,-0.1111106,-0.2262387,0.3006723,0.05958018,0.01114303,0.1589777,0.06204252,0.07533967,0.0574769,-0.04065451,0.0702114
