-0.463596,-0.05529158,-0.3432996,-0.1363162,0.2895048,-0.5975196,0.2024239,0.01484727,0.2592582,0.04734261,0.05226101,-0.1020292,0.05111723,-0.1900364,0.1124723,0.03609724,0.1986834,0.0889431,-0.02366106,0.02713328,0.04139631,-0.1296512
-0.4678166,-0.05141927,-0.3530826,-0.1319605,0.2826133,-0.5928563,0.1963041,0.00860044,0.2542073,0.03972792,0.05588401,-0.1017079,0.05006428,-0.1840165,0.1112342,0.03726092,0.2008981,0.09080324,-0.02446854,0.02784249,0.0428857,-0.1321333
-0.4839541,-0.04785681,-0.3595507,-0.1244268,0.2789756,-0.5817081,0.1869842,0.008703584,0.263561,0.03143514,0.05200826,-0.1019862,0.04920878,-0.1791143,0.1133011,0.03816098,0.2055666,0.09033404,-0.01972467,0.02907298,0.05018586,-0.1381397
-0.4917967,-0.06505386,-0.3787003,-0.1216285,0.2516657,-0.5642012,0.1811234,-0.006003851,0.250034,0.02111607,0.06661525,-0.1082865,0.05237411,-0.1813677,0.1130413,0.04184189,0.2076213,0.0873045,-0.02625287,0.03148871,0.05180345,-0.1406536
-0.4913844,-0.06858442,-0.382673,-0.1256318,0.2548731,-0.5657547,0.1762558,-0.005254679,0.2487065,0.01949859,0.06805364,-0.1089134,0.05449003,-0.182366,0.107551,0.03860701,0.2046157,0.08760733,-0.0246937,0.03360164,0.05232918,-0.1389958
-0.4926428,-0.05861941,-0.3874006,-0.1204692,0.2502862,-0.5647172,0.1667391,-0.005849442,0.24669,0.0160355,0.06723934,-0.1056445,0.05450218,-0.178598,0.1021321,0.04138047,0.2000472,0.08556465,-0.02473085,0.0322502,0.05314444,-0.1403582
-0.4922002,-0.07716043,-0.4024383,-0.1241103,0.2439643,-0.5631682,0.1606522,-0.007377186,0.2436013,0.01229227,0.0753506,-0.1026894,0.05381672,-0.1773299,0.1006131,0.03929123,0.1973796,0.08581024,-0.02341748,0.02966707,0.05450226,-0.1382769
-0.4892403,-0.06615005,-0.3975579,-0.1242794,0.2420521,-0.5649818,0.1618186,-0.007365473,0.2464306,0.007555747,0.07351287,-0.1029213,0.05476609,-0.1764176,0.1002227,0.03836231,0.2010391,0.08979124,-0.02378979,0.02988664,0.05509977,-0.1405265
-0.485496,-0.1168772,-0.4350685,-0.1233436,0.2025453,-0.5497324,0.1721579,-0.001874515,0.2551268,0.01593549,0.09208306,-0.1068914,0.05077991,-0.1879429,0.09919322,0.0388897,0.200385,0.08620916,-0.03463781,0.02600941,0.05275917,-0.1318819
-0.471992,-0.1371684,-0.4346558,-0.1250853,0.2006885,-0.5595255,0.1834115,-0.00133444,0.2619083,0.02090784,0.09343798,-0.1097509,0.04748366,-0.1908277,0.1014142,0.03354994,0.2003926,0.0838238,-0.03740926,0.02282645,0.0519585,-0.1206713
-0.4680024,-0.1176714,-0.4318982,-0.1235961,0.1980253,-0.5601062,0.1773351,0.004096732,0.2692889,0.01766309,0.08546185,-0.106438,0.04835511,-0.1960202,0.09753752,0.03417575,0.202423,0.09054158,-0.03604563,0.02441352,0.05024358,-0.1237421
-0.464594,-0.1136774,-0.438844,-0.1280711,0.2082107,-0.560003,0.1716445,-0.005451009,0.2614582,0.005920012,0.09026445,-0.1090353,0.04517306,-0.1865541,0.09302559,0.03458388,0.2056351,0.09133694,-0.03557953,0.0242411,0.05580593,-0.12457
-0.4775755,-0.1270233,-0.4716076,-0.1158352,0.173899,-0.5329546,0.1636642,-0.01424303,0.2543991,-0.009331957,0.1008949,-0.115054,0.04844718,-0.1877679,0.08963845,0.03386449,0.2087545,0.09227095,-0.03932966,0.03026167,0.05420749,-0.1277602
-0.4780454,-0.1291621,-0.4804001,-0.1162362,0.1723882,-0.528735,0.1550671,-0.0132533,0.2548925,-0.01281363,0.1010705,-0.114956,0.04650743,-0.1810748,0.08526018,0.033519,0.2095749,0.08897075,-0.03993245,0.03033702,0.05666563,-0.1263253
-0.4868214,-0.1173581,-0.477072,-0.1153818,0.1735965,-0.5251256,0.1511726,-0.01036839,0.2622557,-0.01918712,0.09555268,-0.1150219,0.04824601,-0.1798609,0.08321408,0.03587934,0.2122978,0.09132115,-0.03685995,0.03055646,0.06080665,-0.1320634
-0.4887402,-0.1155085,-0.4766282,-0.1213036,0.173762,-0.5264857,0.148095,-0.0162754,0.2612186,-0.01751067,0.09953871,-0.1149034,0.05004748,-0.1777497,0.08219143,0.03945227,0.2129217,0.08890047,-0.03764795,0.02800768,0.06406086,-0.1331065
-0.4893864,-0.1097109,-0.4769813,-0.1215182,0.172205,-0.5255937,0.1459331,-0.01504062,0.268282,-0.01713269,0.09789761,-0.1157391,0.04935782,-0.1779308,0.08016757,0.04167493,0.214162,0.08906993,-0.03899836,0.02759402,0.06422446,-0.1325629
-0.4717054,-0.1267747,-0.4871269,-0.1307051,0.1706145,-0.5312812,0.1503836,-0.009467107,0.2715524,-0.01208762,0.1015191,-0.1197589,0.04906079,-0.181174,0.07360028,0.03727074,0.2126763,0.09180796,-0.03569362,0.02883226,0.05939641,-0.1277266
-0.454838,-0.1792365,-0.4908025,-0.1465642,0.168372,-0.5454704,0.1564197,-0.01250273,0.2537988,0.0001907807,0.1298662,-0.1230188,0.04813483,-0.1810917,0.07486662,0.03282398,0.2088544,0.07662611,-0.04503407,0.01857188,0.06270661,-0.1048303
-0.4598329,-0.1653473,-0.4854351,-0.1384152,0.1610517,-0.5430259,0.1570801,-0.006703172,0.2705342,0.007750971,0.1144296,-0.1224203,0.047885,-0.1869069,0.07876194,0.03094456,0.2071478,0.08090409,-0.04155927,0.02067301,0.05667656,-0.1047974
-0.4644339,-0.1452546,-0.4843739,-0.1385335,0.1581962,-0.5421209,0.1631334,0.003343872,0.2958962,0.008003244,0.1039233,-0.1221471,0.04507551,-0.1923999,0.08054882,0.03550848,0.2126094,0.09125206,-0.03859212,0.01957135,0.05550998,-0.1113635
-0.4631756,-0.1307983,-0.4825903,-0.1320482,0.1509049,-0.5398304,0.162226,-0.0007243126,0.3016298,0.003525004,0.1015177,-0.1246977,0.04535557,-0.1901954,0.07768243,0.03933262,0.2141532,0.0909755,-0.04057821,0.01772846,0.05732756,-0.1127759
-0.4666659,-0.126304,-0.4858623,-0.1347725,0.1517424,-0.5374759,0.1540846,-0.0004056612,0.3023975,-0.0006200246,0.09906618,-0.1220298,0.04648599,-0.1880778,0.07259396,0.04054648,0.2152286,0.09032019,-0.04083847,0.01862587,0.05924476,-0.1152393
-0.4737422,-0.1167413,-0.4861385,-0.129605,0.1511371,-0.5329753,0.151477,0.006022664,0.3173943,-0.00288514,0.08989837,-0.1204613,0.0452056,-0.1872973,0.07301805,0.04161225,0.2206878,0.09330908,-0.03756991,0.02043874,0.0631623,-0.1223246
-0.4725035,-0.1540311,-0.4942498,-0.1360295,0.1591043,-0.5374389,0.1456775,0.003942272,0.3027599,-0.00168946,0.1009148,-0.1288052,0.04706864,-0.1934865,0.07420316,0.03077612,0.2093371,0.09804091,-0.02369309,0.02731612,0.0600936,-0.1204987
-0.4538238,-0.1750485,-0.5044423,-0.1652235,0.1748904,-0.539314,0.1440519,-0.008526483,0.2835573,-0.01362756,0.1199864,-0.1355376,0.04975708,-0.1877495,0.06431447,0.02870067,0.2036163,0.1006166,-0.01018938,0.0271661,0.07103755,-0.1269394
-0.4538749,-0.2378081,-0.5447018,-0.1598352,0.1390228,-0.51382,0.1445957,0.003296043,0.2904696,-0.004004322,0.1354098,-0.1479707,0.04281398,-0.1952669,0.06164746,0.02702996,0.1976194,0.1036504,-0.005363861,0.03068199,0.06970821,-0.1284583
-0.470065,-0.3320526,-0.6080684,-0.1451222,0.05691009,-0.4595172,0.1445781,-0.0008795559,0.2854887,-0.009392,0.1678504,-0.1637289,0.04194646,-0.1971254,0.06586453,0.01814673,0.2012963,0.09788579,-0.01383386,0.03359457,0.07027987,-0.125747
-0.4523084,-0.368131,-0.6146855,-0.1599295,0.05886647,-0.4706628,0.1437801,-0.006519103,0.2576772,-0.02095429,0.1845173,-0.167282,0.04455374,-0.191353,0.06067525,0.006320228,0.1971834,0.1029403,-0.009625502,0.03454471,0.07380223,-0.1232248
-0.4358215,-0.3746983,-0.6028106,-0.1921501,0.08285025,-0.4762815,0.151726,0.01585272,0.2675184,0.004765419,0.1783898,-0.1641117,0.05281482,-0.2045346,0.0531829,0.007503256,0.1888795,0.09834629,0.001590809,0.0291943,0.08193438,-0.1245395
-0.4260314,-0.4365167,-0.6384101,-0.2049291,0.07726657,-0.464059,0.1536748,0.02271566,0.2591452,0.006019539,0.1949171,-0.1612267,0.05665955,-0.2030455,0.04865015,-0.005117961,0.181238,0.08931952,0.009212888,0.03064809,0.08481342,-0.1196621
-0.4197026,-0.4585136,-0.6512088,-0.2283932,0.07196072,-0.44922,0.1664409,0.03531474,0.2665741,0.004955683,0.2053584,-0.1587065,0.06912395,-0.2062179,0.0437071,-0.006668526,0.1849902,0.08874,0.01737838,0.02548137,0.09221029,-0.1241101
-0.4046175,-0.478726,-0.6467741,-0.2347775,0.07762326,-0.4570567,0.1733298,0.04566161,0.2644245,0.004075137,0.2115415,-0.1542085,0.077236,-0.2041512,0.04057384,-0.0155145,0.1771347,0.08561569,0.02415946,0.02288149,0.102727,-0.1262428
-0.4005096,-0.5060859,-0.6565545,-0.2429907,0.06147106,-0.4541397,0.1730179,0.04934129,0.25687,0.001190051,0.2175745,-0.1460499,0.0706746,-0.1901382,0.03489043,-0.02220793,0.1762708,0.07938624,0.02687429,0.01885889,0.1103163,-0.1231502
-0.4129201,-0.5298456,-0.6758655,-0.2498929,0.04537685,-0.4492963,0.1614413,0.03574235,0.226649,-0.01559413,0.2243407,-0.1386655,0.05860865,-0.1726508,0.02882295,-0.03134362,0.1745092,0.08045205,0.02947315,0.01640023,0.1100691,-0.1177805
-0.4165991,-0.5350022,-0.6899006,-0.2601789,0.02456312,-0.4412651,0.1523137,0.03928126,0.2231592,-0.02508135,0.2221565,-0.1337007,0.05491198,-0.176115,0.0259532,-0.03444839,0.1762388,0.07942321,0.03263891,0.02025023,0.1030254,-0.1162767
-0.4092129,-0.5260149,-0.6741055,-0.2837834,0.02865966,-0.4425533,0.1674631,0.04558428,0.2311685,-0.02086869,0.2162424,-0.1299837,0.06030926,-0.1881742,0.02863413,-0.02978289,0.1809743,0.07317452,0.03568636,0.01578432,0.1120439,-0.1171997
-0.4103538,-0.5175505,-0.6760642,-0.2864547,0.022722,-0.4385349,0.1590154,0.03928788,0.227691,-0.02969681,0.2151057,-0.1259552,0.0589486,-0.1915942,0.0293848,-0.02877865,0.1797635,0.07621511,0.0336993,0.0192854,0.1060176,-0.1158926
-0.4081133,-0.5083303,-0.6758537,-0.2861288,0.01293883,-0.4311841,0.1524118,0.04192961,0.2410653,-0.03283963,0.201399,-0.1211985,0.05177943,-0.1919746,0.02969187,-0.02956906,0.1803386,0.07787237,0.03320578,0.01954497,0.1033841,-0.1158867
-0.4170981,-0.5014466,-0.6774238,-0.2926317,0.01856634,-0.4303418,0.1385735,0.03640576,0.2342667,-0.03959709,0.1995314,-0.1158574,0.04603289,-0.1913782,0.03197888,-0.0316284,0.1794807,0.08432166,0.03397014,0.02308575,0.09864333,-0.116058
-0.4182545,-0.5043991,-0.6817766,-0.3070182,0.03111819,-0.4243553,0.1339368,0.03587729,0.2307521,-0.04501414,0.2040713,-0.1086092,0.04752746,-0.1934418,0.02870612,-0.02620454,0.179304,0.07579828,0.02150497,0.0266674,0.09762827,-0.1196655
-0.4330452,-0.5099199,-0.6905937,-0.3019655,0.01061977,-0.4136152,0.1274248,0.01877568,0.2191107,-0.05705639,0.2031748,-0.1046457,0.04491304,-0.1897992,0.03420613,-0.0315439,0.1828529,0.08240364,0.01878826,0.03454915,0.0861406,-0.1146369
-0.4232886,-0.4879371,-0.6818926,-0.3035755,0.009322549,-0.404096,0.1243369,0.02638143,0.2279367,-0.05069947,0.1851076,-0.09641325,0.04445847,-0.2001633,0.03571824,-0.02483512,0.1836377,0.07842048,0.01757615,0.03552837,0.08301506,-0.1114222
-0.4473471,-0.4390808,-0.6686521,-0.2946382,-0.009808431,-0.394645,0.1129131,0.01720525,0.233592,-0.05310417,0.1665059,-0.0893847,0.04460209,-0.200569,0.03860306,-0.0192172,0.1869962,0.08143391,0.007097449,0.03524772,0.07599971,-0.11544
-0.4415876,-0.4403339,-0.6729581,-0.2911859,-0.02306185,-0.3881171,0.1077356,0.01947492,0.2317889,-0.05595285,0.1580031,-0.08901148,0.03988232,-0.1993086,0.03646162,-0.01833236,0.1862491,0.08363253,-0.0004124936,0.04570068,0.06117605,-0.1090198
-0.4546527,-0.4270001,-0.6768994,-0.2761547,-0.03735302,-0.3803821,0.1085597,0.02244312,0.2421247,-0.05292824,0.146531,-0.08708595,0.03132237,-0.1941726,0.03909991,-0.01439049,0.1930126,0.09151334,-0.008211481,0.05070814,0.05035657,-0.1031277
-0.4757675,-0.3934834,-0.6641719,-0.2763931,-0.04434953,-0.3760639,0.09964337,0.0300717,0.253769,-0.04837522,0.1329323,-0.07790238,0.02727028,-0.1940756,0.03816522,-0.01026912,0.201705,0.1013968,-0.01593696,0.04917331,0.03877034,-0.1082802
-0.483078,-0.3628525,-0.6584652,-0.2692057,-0.06084112,-0.3705945,0.09307712,0.02861115,0.2614122,-0.04421364,0.1142815,-0.07347489,0.01858255,-0.194227,0.03497593,-0.001154434,0.2035754,0.1071538,-0.02517999,0.0525476,0.02362151,-0.1090113
-0.483217,-0.3839148,-0.6715282,-0.2593816,-0.06785943,-0.3644905,0.08834761,0.02411318,0.256673,-0.0478334,0.1209329,-0.0741602,0.0168702,-0.1882542,0.03622688,-0.005427542,0.1997082,0.1050605,-0.02510918,0.05127275,0.02436905,-0.1056335
-0.4786229,-0.3905178,-0.6732554,-0.2591791,-0.06282049,-0.366735,0.08589046,0.02220923,0.2535847,-0.0503052,0.1256813,-0.07529489,0.01679715,-0.1867976,0.03594643,-0.00748552,0.1971477,0.1048167,-0.02334457,0.0500016,0.02490348,-0.1049928
-0.4702287,-0.393188,-0.6683865,-0.2684233,-0.05376743,-0.3687532,0.08903714,0.01887239,0.2469872,-0.05452,0.1333188,-0.07632586,0.02132091,-0.1840731,0.03477832,-0.006709812,0.1977948,0.1052932,-0.02054735,0.04747172,0.02899883,-0.1075652
-0.4604929,-0.4101894,-0.6805256,-0.2684514,-0.05014357,-0.3634227,0.08930985,0.02833214,0.2577612,-0.05267157,0.1399047,-0.07718083,0.0210434,-0.1769366,0.02716166,-0.002102242,0.1943358,0.1010279,-0.02572279,0.04676102,0.02807011,-0.1059627
-0.4541588,-0.4130051,-0.6806147,-0.2694435,-0.04678543,-0.3663911,0.08602291,0.02788485,0.2529452,-0.05463777,0.1431931,-0.07827011,0.02174566,-0.1751117,0.02733624,-0.002791122,0.191367,0.0989323,-0.02451304,0.04706394,0.02867041,-0.1058457
-0.4521771,-0.4153341,-0.6846454,-0.2675881,-0.04558796,-0.3657685,0.08307931,0.03077742,0.2574755,-0.04960673,0.1432303,-0.0787378,0.01839377,-0.1741312,0.02688997,-2.184634e-05,0.1889013,0.09635768,-0.02413367,0.0461463,0.02867637,-0.1059158
-0.4374698,-0.4465083,-0.7009255,-0.2701656,-0.04483911,-0.3682923,0.07746785,0.01905112,0.2326396,-0.0516621,0.1614265,-0.08097693,0.0163725,-0.1620617,0.02168059,0.0004637862,0.1850455,0.09196154,-0.02966336,0.04372941,0.02722032,-0.09338307
-0.4339069,-0.4573071,-0.7044144,-0.2738151,-0.03758742,-0.3703147,0.07533192,0.01356216,0.2249702,-0.05143212,0.1692607,-0.08147503,0.01645018,-0.1587477,0.02317969,-0.001160891,0.18303,0.08971182,-0.02874453,0.04337449,0.02756647,-0.09164651
-0.4501318,-0.4886107,-0.725929,-0.2599671,-0.06170122,-0.3610145,0.06423451,0.01038575,0.219881,-0.06662501,0.1857819,-0.08203041,0.01462394,-0.1528874,0.03054962,-0.008360264,0.1811232,0.0887141,-0.03337582,0.05063249,0.02200007,-0.08728983
-0.4433685,-0.5011473,-0.7282505,-0.2600322,-0.05852725,-0.3607953,0.06291809,0.005611456,0.2122828,-0.06741551,0.1926716,-0.08702872,0.01464434,-0.1467495,0.02918001,-0.0107237,0.1778944,0.08817951,-0.03340725,0.05077429,0.02117227,-0.08565583
-0.4351648,-0.5053895,-0.7314935,-0.2609835,-0.05567506,-0.3603722,0.05866024,0.003640997,0.2087599,-0.06677911,0.1955696,-0.08806283,0.01459415,-0.1449348,0.02805567,-0.010152,0.1755453,0.08416025,-0.03399635,0.05148069,0.02138632,-0.08546269
-0.4316795,-0.5146287,-0.7329874,-0.2617503,-0.0485697,-0.3624844,0.06043413,0.0003865485,0.2071075,-0.06680539,0.2018774,-0.08754486,0.01345031,-0.1427834,0.02637038,-0.01106319,0.1734418,0.08138702,-0.03454481,0.04744706,0.02487329,-0.08370281
-0.4308046,-0.5109702,-0.735819,-0.2606636,-0.04861868,-0.3638378,0.05664221,-0.004523946,0.1994777,-0.07239366,0.2058375,-0.0877545,0.0141259,-0.1395047,0.02778707,-0.01193957,0.174135,0.08093502,-0.03405714,0.0466462,0.02530198,-0.08446487
-0.4317375,-0.5107369,-0.738667,-0.2537473,-0.05024019,-0.3633784,0.05051339,-0.006825319,0.1928078,-0.07235656,0.2083206,-0.08606093,0.01116458,-0.1327399,0.02590609,-0.008675712,0.1739624,0.07563395,-0.03871916,0.04628066,0.02359898,-0.0837996
-0.4296963,-0.5141466,-0.7418107,-0.25551,-0.04606294,-0.361003,0.04683949,-0.004689151,0.1927843,-0.07139989,0.2097639,-0.08685283,0.0108556,-0.1305162,0.02429336,-0.007015631,0.1714205,0.07302642,-0.03924819,0.04743138,0.02376731,-0.08479641
-0.4320677,-0.5112459,-0.742061,-0.2503282,-0.04804023,-0.3576933,0.04748923,0.0004210584,0.2036275,-0.05984116,0.2011184,-0.08872834,0.009512421,-0.1291517,0.0269274,-0.008707578,0.1705999,0.06544781,-0.03958737,0.04733357,0.02348317,-0.08321493
-0.4292152,-0.5159193,-0.7470205,-0.2512379,-0.0451184,-0.356912,0.04657014,0.0003212355,0.2057983,-0.0589188,0.2022361,-0.09004241,0.008953467,-0.1278564,0.02543864,-0.008437824,0.169102,0.06296236,-0.0382535,0.04723493,0.02486936,-0.08293268
-0.4269055,-0.5226656,-0.7523111,-0.2518952,-0.04388824,-0.354729,0.04456937,0.002916538,0.2080729,-0.06017274,0.2032788,-0.09150005,0.009457145,-0.1275579,0.02372642,-0.009417826,0.1667384,0.06367024,-0.03714488,0.04969348,0.02359708,-0.08288404
-0.4284042,-0.5219162,-0.7611038,-0.2453108,-0.03960462,-0.3462205,0.02284645,0.01533429,0.2028112,-0.04842081,0.2047014,-0.08815574,0.003926443,-0.1307624,0.01406632,-0.006397578,0.1651191,0.06412019,-0.04170332,0.05154319,0.01882683,-0.08244053
-0.4234998,-0.541092,-0.7678835,-0.2524747,-0.02645444,-0.3481465,0.01973486,0.01217438,0.1889602,-0.05413726,0.2196661,-0.09067228,0.002779037,-0.1261444,0.01097863,-0.005970361,0.1631863,0.06402303,-0.04215745,0.05191981,0.02200648,-0.08131804
-0.4238535,-0.5414336,-0.7703481,-0.2518466,-0.02193314,-0.3482088,0.02040078,0.01151025,0.1924972,-0.0538945,0.2197856,-0.09030893,0.002773059,-0.1253195,0.01010061,-0.005649632,0.1612377,0.06160042,-0.04048993,0.0513666,0.02365597,-0.08339409
-0.4256769,-0.540562,-0.7758524,-0.2480731,-0.02001751,-0.3476382,0.02109384,0.006593586,0.1965762,-0.05144151,0.2202637,-0.09213492,-0.002011095,-0.1254625,0.01178017,-0.007885725,0.1613728,0.06087658,-0.03849076,0.04991535,0.02324612,-0.08531054
-0.4306895,-0.5288206,-0.7748554,-0.2433582,-0.02502508,-0.3470895,0.01468587,0.006316938,0.1955673,-0.05171291,0.2170789,-0.0887929,-0.00159467,-0.1232639,0.01414059,-0.005181484,0.1620457,0.05460722,-0.0404953,0.05028632,0.0242953,-0.08792897
-0.4406063,-0.5135673,-0.7695559,-0.237584,-0.02433619,-0.3424863,0.007677195,0.013523,0.2040491,-0.05510102,0.2092206,-0.08374245,0.00168623,-0.1237851,0.01538535,-0.003834752,0.1617781,0.05628592,-0.04278344,0.05313155,0.0230907,-0.09527544
-0.4287834,-0.5344415,-0.7785613,-0.2398582,-0.01687745,-0.3523704,0.02288658,0.001205526,0.2088966,-0.05525332,0.221275,-0.0962689,-0.003541666,-0.1220097,0.01743652,-0.006349147,0.1613758,0.05839904,-0.03950383,0.04848959,0.02315263,-0.08734117
-0.4244804,-0.5395228,-0.7895911,-0.2312574,-0.01005393,-0.3525756,-0.001101661,0.008869071,0.2024057,-0.04794235,0.227669,-0.09589893,-0.007491032,-0.1198179,0.01165303,-0.00601583,0.152465,0.05645374,-0.03813655,0.04798474,0.02373159,-0.08442166
-0.4179067,-0.5441079,-0.7948887,-0.2284798,-0.002317534,-0.3530217,-0.002274531,0.009996212,0.2087677,-0.04477137,0.2312085,-0.100013,-0.00852072,-0.1191916,0.008984906,-0.004026519,0.1496631,0.05422078,-0.0413793,0.04477069,0.02803668,-0.08099008
-0.4054931,-0.5558939,-0.802426,-0.2307758,0.006850259,-0.3608187,0.001467588,-0.001951153,0.2079172,-0.05284818,0.242608,-0.1046987,-0.0008408639,-0.1145051,0.009880304,-0.01245333,0.1453635,0.06098002,-0.03394007,0.04280324,0.03410308,-0.07572027
-0.398374,-0.5719004,-0.8068908,-0.2325976,0.02255097,-0.3679184,0.008686546,-0.008425248,0.2128273,-0.0574779,0.2519507,-0.1118511,-0.0007776481,-0.1149846,0.01446426,-0.0160294,0.1442803,0.0591364,-0.02902169,0.04232615,0.03474164,-0.07147392
-0.3981703,-0.5575359,-0.8100899,-0.2170695,0.0233357,-0.3667469,-0.02060108,-0.003327407,0.2085486,-0.05017632,0.2545664,-0.1132362,-0.003849376,-0.1130757,0.01408922,-0.01809323,0.138303,0.05856113,-0.02168666,0.04247855,0.0352328,-0.07645253
-0.3905631,-0.566143,-0.8121653,-0.2206345,0.03354497,-0.3713132,-0.01429214,-0.001922956,0.2181609,-0.05933933,0.263166,-0.1166379,0.004321834,-0.1126589,0.01738084,-0.02182253,0.137989,0.06086123,-0.01546182,0.04219556,0.04329546,-0.07756871
-0.3848589,-0.5661897,-0.8188159,-0.2208728,0.04060771,-0.3678189,-0.01709128,-0.0004999613,0.2243672,-0.05939312,0.2619755,-0.1153491,0.006901499,-0.1095109,0.01460297,-0.0193485,0.1351622,0.05831451,-0.01308122,0.0407619,0.0459245,-0.07742522
-0.3766026,-0.5782649,-0.826793,-0.2217008,0.04902451,-0.3661465,-0.02464666,-2.810235e-05,0.2177004,-0.06159174,0.2712353,-0.1157001,0.009813854,-0.1032817,0.01064554,-0.01822336,0.1308238,0.05309943,-0.0149944,0.04287292,0.04799972,-0.07591953
-0.3798966,-0.5834712,-0.827368,-0.2234739,0.05660403,-0.3762366,-0.008469178,-0.009095111,0.2298394,-0.07312883,0.2753403,-0.1199726,0.01081769,-0.09855296,0.0130415,-0.02193638,0.1281576,0.05614065,-0.01285582,0.04255943,0.04794979,-0.07522283
-0.371543,-0.5950545,-0.8373643,-0.2123266,0.06493247,-0.3716201,-0.02405434,-0.0001710765,0.2245721,-0.06665716,0.281394,-0.1203383,0.006531767,-0.09524375,0.009376357,-0.0241595,0.124202,0.04952295,-0.01089066,0.0414194,0.04868225,-0.07026673
-0.3654871,-0.5963506,-0.8405123,-0.2078126,0.06604888,-0.3708684,-0.02394065,-0.00138571,0.2254881,-0.06599461,0.2824731,-0.1216596,0.005724958,-0.09188191,0.009371608,-0.02456193,0.1231309,0.0481368,-0.01016424,0.04088457,0.04862754,-0.07000619
-0.3629714,-0.5899675,-0.8440514,-0.2028988,0.0645006,-0.3709171,-0.02856081,-0.004612088,0.2271401,-0.06796667,0.2825539,-0.1216426,0.006433258,-0.09014073,0.008092617,-0.02433994,0.1224455,0.04736474,-0.01217773,0.04124605,0.04579293,-0.06984029
-0.3524188,-0.5963063,-0.8361896,-0.2079457,0.07610171,-0.3845185,-0.01187593,-0.01225367,0.2397461,-0.07121458,0.287889,-0.1277341,0.009945185,-0.08464196,0.01195112,-0.02610404,0.1242949,0.0543942,-0.004723186,0.04142989,0.04383833,-0.0710521
-0.3475717,-0.5909806,-0.8466877,-0.191217,0.06830663,-0.3718708,-0.03258099,-0.005988238,0.2354234,-0.06870488,0.2866756,-0.1260873,0.008393346,-0.08243225,0.008618318,-0.02493111,0.124128,0.04744115,-0.005377434,0.04061903,0.04136121,-0.06578978
-0.3437321,-0.5922864,-0.8485126,-0.189422,0.07653878,-0.3736615,-0.03285798,-0.009234816,0.2359258,-0.06622769,0.2886008,-0.1285328,0.009455401,-0.0804567,0.006224906,-0.02299393,0.1251071,0.04512637,-0.003923736,0.0394367,0.04165021,-0.06491696
-0.3442913,-0.587741,-0.8592978,-0.1671736,0.07171843,-0.3712799,-0.04245782,-0.006799268,0.243448,-0.06695341,0.2822624,-0.127624,0.005022038,-0.07193673,0.005498628,-0.02098045,0.1219339,0.04380115,-0.004521439,0.04203011,0.03595131,-0.05929421
-0.339394,-0.5878379,-0.8588063,-0.1630008,0.07234704,-0.373676,-0.0441792,-0.007391525,0.2438042,-0.06626111,0.2825611,-0.1302084,0.005653361,-0.07287631,0.005589294,-0.02096995,0.1219022,0.04415966,-0.004139131,0.04200668,0.03571999,-0.05763207
-0.3365542,-0.5962176,-0.8613086,-0.161236,0.08624389,-0.3722413,-0.04988149,-0.009571143,0.2451803,-0.07214336,0.2872715,-0.134168,0.004975393,-0.07167316,0.008103624,-0.02173105,0.122746,0.04244137,0.003183435,0.04433993,0.03438376,-0.05794224
-0.3378542,-0.5857353,-0.8549009,-0.1605555,0.08820514,-0.3707036,-0.0532161,-0.01213499,0.2466636,-0.07640622,0.2882968,-0.1371637,0.009696621,-0.07399286,0.0096551,-0.02053425,0.1266058,0.04299988,0.004300149,0.04406867,0.03399392,-0.05990808
-0.3359002,-0.5843077,-0.8554251,-0.1551055,0.09161931,-0.3704927,-0.05425085,-0.01507829,0.2489514,-0.07430068,0.288952,-0.1411342,0.00925318,-0.0712744,0.008344044,-0.01823788,0.1288715,0.04228698,0.003341214,0.04387423,0.0343931,-0.05687599
-0.3359964,-0.5774468,-0.8545999,-0.1470444,0.0915193,-0.3697844,-0.05536846,-0.01909214,0.2503666,-0.07651958,0.2866683,-0.1436461,0.008172608,-0.07058932,0.00808308,-0.01676485,0.1330445,0.04183148,0.000347307,0.04339515,0.03217589,-0.05265653
-0.3314974,-0.5825085,-0.852053,-0.1451575,0.1003625,-0.3770065,-0.04588551,-0.02659737,0.2574888,-0.0776766,0.2902924,-0.1480878,0.008215714,-0.06515018,0.008943292,-0.01597591,0.1341893,0.04261876,0.000659571,0.04412617,0.02850774,-0.05282794
-0.3265557,-0.5795024,-0.8687738,-0.114983,0.08988792,-0.3704282,-0.06376359,-0.02470835,0.2539184,-0.07677922,0.2815514,-0.1479177,0.0007335494,-0.05589597,0.004760243,-0.01272625,0.1285442,0.03534665,0.006124668,0.04913001,0.02180573,-0.05057502
-0.3216769,-0.593451,-0.8770947,-0.1138753,0.1083534,-0.3658802,-0.05930197,-0.02214032,0.2577817,-0.07783002,0.2852198,-0.1501269,-0.001100841,-0.04911084,0.005896516,-0.01390163,0.1287476,0.03327877,0.01371905,0.04634986,0.02907437,-0.04629802
-0.308605,-0.6130078,-0.8820313,-0.1079958,0.1202889,-0.3706592,-0.04511192,-0.01029788,0.2605299,-0.08363805,0.2925169,-0.1496659,-0.003550814,-0.04312564,0.005766205,-0.01623118,0.1297632,0.03083534,0.01733553,0.040835,0.03803538,-0.04293011
-0.3024108,-0.6208953,-0.8834016,-0.1051472,0.1300728,-0.3709152,-0.03812217,-0.006398838,0.2617742,-0.09379838,0.2992127,-0.1496663,-0.001987617,-0.04064629,0.006432965,-0.01665268,0.1321392,0.03079509,0.02484318,0.03405716,0.04612463,-0.04108981
-0.2936909,-0.6328166,-0.8821244,-0.09869391,0.136695,-0.3817088,-0.02952059,-0.002348745,0.2655882,-0.1027599,0.3082014,-0.1548204,-0.002584121,-0.03684684,0.0130302,-0.02035238,0.1354736,0.03404497,0.03057797,0.03122067,0.05162422,-0.04316044
-0.2941456,-0.6446777,-0.8836651,-0.09796997,0.1489751,-0.3835386,-0.02205092,-0.00157099,0.2671547,-0.1047097,0.314997,-0.1592838,-0.002306812,-0.03390698,0.01619718,-0.02153522,0.1359057,0.03251635,0.04000388,0.02761195,0.05891454,-0.04512422
-0.2974899,-0.6488436,-0.8826622,-0.09497004,0.158041,-0.3812625,-0.01623875,0.003121328,0.2738415,-0.1088892,0.3157341,-0.1640069,3.694867e-05,-0.0330626,0.01605136,-0.02291524,0.1352141,0.02912161,0.05036086,0.02639334,0.06650335,-0.05031723
-0.3008858,-0.6543174,-0.8955159,-0.07664278,0.1612599,-0.3771615,-0.01709259,0.008308654,0.2720801,-0.1089189,0.3143189,-0.162583,-0.004990987,-0.02591714,0.01287198,-0.02022504,0.1300412,0.02087439,0.05529072,0.02260152,0.06881692,-0.04747249
-0.293892,-0.6643905,-0.8908733,-0.06759444,0.1709458,-0.381532,-0.004565523,0.006689645,0.2765352,-0.117678,0.3202425,-0.1673099,-0.005609573,-0.01973865,0.01718153,-0.02156763,0.1316217,0.0164706,0.05667782,0.01766626,0.07500277,-0.0445373
-0.2892747,-0.6781264,-0.8945252,-0.05762418,0.1836932,-0.3818985,-0.005861775,0.01660984,0.2753838,-0.113906,0.3331583,-0.1729732,-0.009350069,-0.01526189,0.01719894,-0.02213077,0.12755,0.01265537,0.05272715,0.0161744,0.07485397,-0.04211338
-0.2819897,-0.6888697,-0.8983779,-0.05387882,0.1943866,-0.3837394,0.002168839,0.01926394,0.2737881,-0.1147968,0.3374461,-0.1724346,-0.009157206,-0.01189496,0.01522226,-0.01937051,0.1275827,0.007109525,0.05367686,0.0100438,0.08283306,-0.0398936
-0.2751829,-0.6987508,-0.8984394,-0.04867788,0.2023793,-0.3848449,0.01925129,0.01878528,0.2757673,-0.1253911,0.3397783,-0.1724784,-0.008319135,-0.008163658,0.01434285,-0.01898821,0.1295439,0.01011129,0.05322498,0.00590535,0.08811875,-0.03660234
-0.2762376,-0.6964712,-0.8971019,-0.04206718,0.2054123,-0.3806686,0.02491325,0.01695879,0.2741067,-0.1245969,0.3376167,-0.1755355,-0.008205994,-0.008114452,0.0144189,-0.01832644,0.1295917,0.01024586,0.05504417,0.004432201,0.08937278,-0.03835769
-0.2703191,-0.6907436,-0.8963561,-0.02435781,0.2091759,-0.3759852,0.01965795,0.01264928,0.2714209,-0.1224341,0.3298701,-0.1785152,-0.01583515,-0.00754804,0.01749939,-0.01975178,0.1283283,0.006206165,0.05587684,0.004137084,0.08504236,-0.03451154
-0.2694267,-0.6958046,-0.8968616,-0.002070239,0.2150914,-0.377974,0.02218897,0.01882682,0.2705864,-0.1306242,0.3271377,-0.179567,-0.02187893,0.001256173,0.01908858,-0.01956487,0.1266519,0.009877334,0.05487152,0.005375745,0.08176798,-0.02961601
-0.2705869,-0.6834214,-0.8879868,0.006985373,0.2103764,-0.3721665,0.0231047,0.0114993,0.2763624,-0.1164681,0.3179744,-0.1881793,-0.01538841,0.007339776,0.02129571,-0.02264105,0.1263816,0.001996567,0.05332917,0.005252617,0.07931723,-0.02988531
-0.2646229,-0.6923963,-0.8886539,0.01536741,0.219931,-0.3707985,0.02485044,0.01412715,0.2702575,-0.1278193,0.3217413,-0.1830648,-0.02254351,0.005858802,0.02510428,-0.01787299,0.1311741,0.004420587,0.05240389,0.004796003,0.07878951,-0.02570673
-0.2657243,-0.6851993,-0.8836632,0.02819049,0.2188513,-0.3655762,0.02894912,0.006953331,0.2675909,-0.1241559,0.3174922,-0.1862782,-0.02224688,0.01040603,0.02651596,-0.01564897,0.1323299,-0.002256578,0.04784526,0.004463668,0.07636166,-0.02326047
-0.2532697,-0.6829073,-0.8706746,0.0387971,0.227338,-0.3677168,0.03912885,-0.001442886,0.2652089,-0.1200159,0.3122861,-0.1873816,-0.02428196,0.01240353,0.0273687,-0.0161745,0.1319977,-0.003019037,0.0454374,0.005497544,0.06813637,-0.02337426
-0.2545263,-0.6732576,-0.8731644,0.06659112,0.2220663,-0.3600555,0.0270898,-0.005602391,0.2619844,-0.1157758,0.3041454,-0.1894192,-0.03287093,0.01379075,0.03302995,-0.01486117,0.1306018,-0.01056996,0.0453583,0.005492792,0.06233661,-0.01989267
-0.2482967,-0.6755688,-0.8680705,0.07906532,0.2242183,-0.3561753,0.03139025,-0.003507957,0.2608629,-0.1167597,0.2997789,-0.1893988,-0.03412759,0.01870043,0.03668393,-0.01350817,0.1328449,-0.01000567,0.04454365,0.00781325,0.05917439,-0.01944709
-0.2465009,-0.6682425,-0.8580427,0.09552763,0.2217907,-0.3491896,0.03323147,-0.01183714,0.2529824,-0.110345,0.2928479,-0.1918467,-0.03889072,0.02290451,0.04054711,-0.01203001,0.1316973,-0.0161948,0.03942062,0.008495544,0.05506033,-0.01883421
-0.2509923,-0.6649008,-0.8523104,0.107947,0.2241848,-0.3466065,0.03769119,-0.01871578,0.2542684,-0.111035,0.2862966,-0.193151,-0.04345075,0.02547919,0.04627304,-0.01117659,0.1370052,-0.01519379,0.03499025,0.009476785,0.05055732,-0.0161295
-0.2456378,-0.6390452,-0.8241579,0.1084144,0.2380034,-0.3543327,0.0477491,-0.01955049,0.2676952,-0.09819128,0.2665828,-0.1905186,-0.04453762,0.01991548,0.0498755,-0.01184915,0.1387746,-0.0105399,0.03065001,0.009539508,0.04058814,-0.01723543
-0.2578101,-0.6474194,-0.84299,0.1440926,0.2092063,-0.3272998,0.02829689,-0.03100406,0.2406253,-0.1122755,0.2684667,-0.1880693,-0.05181356,0.03157632,0.04988393,-0.007119555,0.1319765,-0.01938603,0.03343456,0.0114532,0.03709307,-0.01041538
-0.2464957,-0.6450681,-0.835768,0.1433673,0.2162787,-0.3277777,0.03307065,-0.02632805,0.258544,-0.1084805,0.2630368,-0.1923191,-0.04709953,0.03011764,0.04806412,-0.007975298,0.1297947,-0.01815672,0.03699771,0.01232268,0.03751582,-0.009975081
-0.2411103,-0.6561568,-0.8424962,0.1429149,0.2274652,-0.3257291,0.03766551,-0.02601831,0.2580266,-0.1100278,0.2655912,-0.1949932,-0.050714,0.0341849,0.04882685,-0.006889794,0.1291168,-0.0191914,0.04324074,0.009403807,0.04275903,-0.003621422
-0.2307152,-0.6721344,-0.8490763,0.1446222,0.2372342,-0.3285952,0.03764923,-0.02234322,0.2479002,-0.1194022,0.2796998,-0.1962897,-0.05272596,0.04054896,0.04303589,-0.001901732,0.1260799,-0.02610666,0.04684076,0.006606897,0.04988692,-0.0003570227
-0.2215087,-0.6741285,-0.8542674,0.1459401,0.2452005,-0.3216636,0.02613556,-0.01707696,0.2405022,-0.1223918,0.2821997,-0.1943937,-0.05532979,0.04406858,0.04138913,0.001999499,0.1207933,-0.03061382,0.05159905,0.00575275,0.05414183,0.005687094
-0.2081334,-0.6912149,-0.8603637,0.1483684,0.2605956,-0.3267238,0.03437937,-0.009549018,0.2471346,-0.1292185,0.2860893,-0.1933274,-0.05821608,0.05061604,0.04453197,0.001335281,0.122725,-0.02909387,0.05387666,0.005183335,0.05650611,0.0140966
-0.1959973,-0.6956382,-0.8606677,0.1527704,0.2691013,-0.3280703,0.03388191,-0.004954355,0.2471976,-0.1287667,0.2850708,-0.193725,-0.05935397,0.05456423,0.04162727,0.002633405,0.1208987,-0.03230181,0.05869574,0.003101841,0.05713235,0.01881249
-0.1900352,-0.6959675,-0.856307,0.1524248,0.2771262,-0.3280554,0.04022469,-0.001634173,0.2504185,-0.1344333,0.2851773,-0.1922511,-0.05852781,0.05391594,0.03888236,0.003539396,0.1191587,-0.03488648,0.06031607,-0.001302873,0.06052108,0.0222493
-0.180224,-0.7042417,-0.8514449,0.1575409,0.2874856,-0.3272406,0.05066144,-0.003023557,0.249367,-0.1356231,0.2826349,-0.1921381,-0.05931596,0.05677609,0.03646322,0.0001380881,0.1172208,-0.03532586,0.06190203,-0.0009638493,0.0602722,0.02458913
-0.1782887,-0.712503,-0.8585661,0.1667068,0.2904383,-0.322293,0.04150931,0.005658297,0.2392578,-0.142936,0.2895936,-0.1872126,-0.06269496,0.06247475,0.03483053,0.001525647,0.1148747,-0.03860081,0.06242539,-0.003490533,0.06242834,0.03085214
-0.1780907,-0.7143556,-0.8616406,0.1715941,0.2943644,-0.3176378,0.04645807,0.007221982,0.2405338,-0.146151,0.2883791,-0.1892114,-0.06167542,0.06329785,0.03494737,0.001144461,0.1137571,-0.04051119,0.06595048,-0.003698781,0.06398665,0.03316249
-0.1742059,-0.7118573,-0.8558725,0.1801107,0.2999211,-0.3099397,0.04714325,0.01034448,0.2367557,-0.1514892,0.2831816,-0.1885966,-0.0630824,0.0645346,0.0362426,0.001573896,0.1134496,-0.04001709,0.06901678,-0.004269724,0.06428056,0.03624554
-0.1610185,-0.717528,-0.8473873,0.1843021,0.3086032,-0.3079271,0.0586619,0.00825286,0.2368318,-0.1564649,0.2780322,-0.1896873,-0.06490712,0.06396488,0.0346068,-0.0006154015,0.1129891,-0.04018511,0.07172841,-0.004662176,0.06551427,0.03926899
-0.1551654,-0.7180141,-0.8390958,0.1903499,0.3156242,-0.3084243,0.06585894,0.008444837,0.2366322,-0.1614292,0.2772741,-0.1896724,-0.06652652,0.06776439,0.03282147,4.275527e-05,0.1141547,-0.04126715,0.07089675,-0.006911439,0.06802455,0.04137136
-0.1476355,-0.7193232,-0.8400696,0.2025908,0.3209873,-0.3023344,0.06325636,0.0109278,0.2330006,-0.1595906,0.2745329,-0.1859575,-0.07126702,0.07556749,0.03460306,0.001375815,0.1119396,-0.04625475,0.07024372,-0.005783588,0.06624933,0.04464383
-0.1380478,-0.7158491,-0.8287277,0.210531,0.3353349,-0.3064178,0.0754302,0.009955139,0.2316264,-0.1673746,0.2657446,-0.1831348,-0.07743292,0.08297741,0.03507863,0.00107174,0.1062608,-0.04912313,0.07009879,-0.007397406,0.06865389,0.05051916
-0.1356739,-0.7128482,-0.8195662,0.2150472,0.3428704,-0.3038829,0.07513342,0.004786497,0.2303567,-0.1674421,0.2610762,-0.1809039,-0.08085511,0.08887836,0.03580934,0.002890454,0.1046975,-0.05431635,0.06944299,-0.008790311,0.07073953,0.0510258
-0.1311029,-0.7196886,-0.8226733,0.2308408,0.3323662,-0.2851389,0.07118943,0.009906124,0.2265074,-0.1697513,0.2580922,-0.1791764,-0.08289447,0.0933642,0.03418649,0.003188778,0.1082572,-0.05806381,0.07054084,-0.008516391,0.07095253,0.05279491
-0.1199125,-0.7038975,-0.8000524,0.2327039,0.3627172,-0.3040406,0.07661625,0.007338064,0.2212263,-0.1713401,0.245785,-0.1761256,-0.08921031,0.1016469,0.03272507,0.003306014,0.1051526,-0.06072481,0.07224804,-0.009810095,0.07039541,0.05778609
-0.1257707,-0.7163274,-0.811368,0.2546504,0.3355159,-0.270254,0.06886625,0.01313101,0.2201503,-0.1765078,0.2474977,-0.1790003,-0.08647418,0.1029121,0.03359714,0.004415613,0.1097807,-0.0681557,0.0722634,-0.005166647,0.06750489,0.05911978
-0.1179949,-0.7049709,-0.7983052,0.2663939,0.3460591,-0.2730032,0.07769313,0.01259787,0.2165215,-0.1864812,0.2406753,-0.1778167,-0.09092354,0.1104533,0.03435191,0.005288722,0.1095483,-0.07286359,0.07187755,-0.006192185,0.06798244,0.06228651
-0.1298328,-0.6927354,-0.7834365,0.2771997,0.3519586,-0.2701162,0.07859786,0.009026664,0.2161726,-0.1921228,0.2342704,-0.180996,-0.0910291,0.1135518,0.03428597,0.006800757,0.1134667,-0.07398588,0.07219749,-0.005485068,0.06750426,0.06095703
-0.1206594,-0.6834711,-0.7750409,0.2880512,0.3506565,-0.2648985,0.08062912,0.01013775,0.2128902,-0.1987681,0.2245722,-0.1774075,-0.09432593,0.1166664,0.03237278,0.00708884,0.1119383,-0.07446405,0.07143604,-0.005892215,0.06557783,0.06174761
-0.1259249,-0.6602967,-0.7439761,0.2904172,0.3698776,-0.2751673,0.09268271,0.01012301,0.2224126,-0.1965249,0.2049727,-0.1781294,-0.09479376,0.1210459,0.03159899,0.008960095,0.106043,-0.07903705,0.07043045,-0.006685299,0.06622074,0.06026844
-0.130676,-0.6720154,-0.750499,0.31142,0.3450061,-0.2446553,0.07099716,0.01201628,0.2054717,-0.199504,0.2142987,-0.1790144,-0.0950866,0.120163,0.02884259,0.01238946,0.1106794,-0.0808043,0.06665108,-0.004728822,0.06133193,0.05865918
-0.1231366,-0.6555503,-0.728451,0.3062945,0.3616374,-0.2693751,0.09810141,0.007535415,0.2186973,-0.1977258,0.2000348,-0.1809906,-0.09349045,0.1222799,0.02958766,0.009184297,0.1077376,-0.08136181,0.06891396,-0.005783749,0.06294983,0.05832351
-0.1173923,-0.6567013,-0.7267482,0.3107557,0.3603088,-0.2676491,0.1037625,0.005885171,0.2166678,-0.2006817,0.1987297,-0.1795881,-0.09306666,0.1222397,0.02915579,0.008419995,0.1098953,-0.0801001,0.06915066,-0.006277171,0.06402259,0.0590114
-0.1111729,-0.6572424,-0.7265964,0.3135197,0.3623358,-0.2686279,0.1071262,0.003789037,0.2183085,-0.2075155,0.1937835,-0.1766255,-0.0949412,0.1228635,0.02981137,0.00549434,0.111807,-0.07345211,0.07305027,-0.006121909,0.06345858,0.06154358
-0.1041281,-0.6605163,-0.7219936,0.3200912,0.360575,-0.2687217,0.1149249,0.003451285,0.2155353,-0.2098396,0.1950528,-0.1769554,-0.09495518,0.1252868,0.02989639,0.004498074,0.1135936,-0.07211239,0.07155245,-0.007277697,0.06501058,0.0623531
-0.08918921,-0.6618698,-0.7230062,0.3237081,0.3614938,-0.2700073,0.1220091,0.002238497,0.2111311,-0.217447,0.1985965,-0.1734914,-0.09729647,0.1284662,0.03073244,0.003025647,0.1157084,-0.06878811,0.06868168,-0.009546193,0.06622452,0.06251302
-0.08881328,-0.6619737,-0.7203795,0.3282191,0.3552505,-0.262455,0.1223703,-0.004061045,0.2019671,-0.2222587,0.2022814,-0.1759137,-0.09652456,0.1287876,0.03204459,0.003866706,0.1207585,-0.06981932,0.06735811,-0.0108981,0.06920337,0.06197723
-0.08514572,-0.6787724,-0.7324948,0.3412386,0.3285307,-0.2435974,0.1264185,0.004712456,0.1948559,-0.2303272,0.2105835,-0.1726993,-0.09123043,0.1250691,0.03279563,0.003822091,0.1273509,-0.0675155,0.06355456,-0.01212499,0.07221781,0.06145616
-0.0797872,-0.6794663,-0.7294684,0.3454564,0.3268751,-0.2439939,0.1309404,0.003787901,0.1945731,-0.2331233,0.2097233,-0.1714453,-0.09053309,0.1246502,0.03306357,0.003183228,0.1294256,-0.06529999,0.0640387,-0.01279316,0.07168298,0.06049159
-0.07076616,-0.6743008,-0.7090898,0.3457035,0.3375154,-0.2565205,0.1479668,-0.002875442,0.195011,-0.2390285,0.2060887,-0.1721689,-0.08968496,0.1234029,0.03380113,0.001929254,0.1300706,-0.06166555,0.06307503,-0.0134849,0.07534757,0.05755497
-0.06761779,-0.6825626,-0.7131624,0.3575623,0.3181951,-0.2396584,0.1491365,-0.0009564757,0.1918158,-0.239977,0.2081581,-0.1719312,-0.08829389,0.1219402,0.03704828,0.000771702,0.1392312,-0.06023787,0.06227184,-0.01518667,0.07476219,0.057137
-0.05609306,-0.680866,-0.7107136,0.3628962,0.3129617,-0.2359093,0.1565682,-0.001954205,0.191628,-0.2415685,0.2036994,-0.170086,-0.08920178,0.1234991,0.03833051,-0.0004385842,0.1420659,-0.05918102,0.06147552,-0.01683036,0.07567726,0.05766592
-0.04939868,-0.6795015,-0.7067544,0.3653546,0.3068213,-0.2323899,0.1616867,-0.003454161,0.1862552,-0.245761,0.2046427,-0.1687107,-0.08825204,0.1229259,0.03969754,-0.001154386,0.1459101,-0.05769255,0.05919881,-0.01794854,0.07756416,0.05471619
-0.0404062,-0.6790838,-0.7056357,0.3685246,0.2993661,-0.2342684,0.1632265,-0.004369525,0.1845923,-0.2448885,0.2018398,-0.1687741,-0.08688288,0.1227316,0.03649188,-0.00160037,0.146121,-0.05698083,0.05781935,-0.01642782,0.07626337,0.05345276
-0.03611178,-0.6722118,-0.7011573,0.3721735,0.2953376,-0.2330005,0.1655638,-0.005436351,0.1837454,-0.2517603,0.1971977,-0.1678068,-0.08621576,0.1240307,0.03834074,-0.002652191,0.1486479,-0.05332651,0.05843706,-0.01546905,0.07462946,0.05178915
-0.02960427,-0.670067,-0.6940715,0.375263,0.2908545,-0.2333354,0.1691901,-0.00342003,0.1821578,-0.2560699,0.1959868,-0.1659071,-0.08456481,0.1232105,0.03855846,-0.004042975,0.1489142,-0.05136796,0.05651612,-0.01479571,0.07370197,0.04893409
-0.01057817,-0.6528506,-0.6729023,0.3665999,0.3158427,-0.2585675,0.185177,-0.001581193,0.1762158,-0.2600301,0.1862005,-0.1612983,-0.08680832,0.1270977,0.0386326,-0.004935616,0.1494369,-0.04956104,0.05497575,-0.01873749,0.07815758,0.05012641
-0.002500751,-0.6481197,-0.6685872,0.3690989,0.3144476,-0.2596731,0.188081,-0.00336884,0.1749348,-0.2603764,0.1824233,-0.1620744,-0.08661667,0.1296294,0.03855154,-0.00469749,0.1514917,-0.04885185,0.05329463,-0.01868175,0.07840022,0.04976513
0.003878607,-0.6442211,-0.6634957,0.371117,0.3070948,-0.259652,0.1947983,-0.002584804,0.1729697,-0.2617028,0.1808404,-0.163168,-0.08562428,0.1280263,0.03999657,-0.007085995,0.1536067,-0.04699577,0.05286179,-0.01957915,0.07814071,0.04844319
0.01562798,-0.6398311,-0.655982,0.3770584,0.298429,-0.2587176,0.1998442,-0.001367478,0.1698729,-0.2664525,0.1803734,-0.1646305,-0.08387756,0.1288804,0.03959915,-0.009735819,0.1555694,-0.04536027,0.05206173,-0.01731769,0.07538728,0.0439163
0.02561088,-0.634176,-0.6401395,0.3761629,0.3031244,-0.2640613,0.209804,-0.00221011,0.1659686,-0.2658516,0.1825022,-0.1648337,-0.08208133,0.1269794,0.04051978,-0.01036488,0.1576562,-0.04427482,0.0459679,-0.01942332,0.07742686,0.0412128
0.03282191,-0.6311739,-0.6386328,0.384095,0.2937411,-0.2621308,0.215199,-0.002786263,0.1662866,-0.2662741,0.1791249,-0.1685034,-0.08174076,0.1297652,0.03983935,-0.01137318,0.1625438,-0.04454866,0.04596786,-0.01763349,0.07571441,0.03825726
0.03860191,-0.6305269,-0.6332591,0.3902067,0.2870115,-0.2597873,0.2193298,-0.0004671396,0.1654774,-0.268932,0.1772091,-0.1675696,-0.08114672,0.1308657,0.04064466,-0.01175066,0.1647099,-0.04394406,0.04486313,-0.01839382,0.07523442,0.03636357
0.04602465,-0.6283713,-0.6287525,0.3923146,0.2814264,-0.2596768,0.2226586,0.003013971,0.1645423,-0.2710719,0.1753015,-0.1671939,-0.07862449,0.1316636,0.03988924,-0.01126236,0.165963,-0.04518427,0.04368392,-0.01689467,0.07620077,0.03282295
0.04255557,-0.6445987,-0.648807,0.4085293,0.2406231,-0.2336131,0.2229051,0.00895719,0.167456,-0.2796444,0.1830697,-0.1674343,-0.07433955,0.1303962,0.04571968,-0.01291093,0.1754379,-0.04337767,0.04210579,-0.01429483,0.0760805,0.02695202
0.06210058,-0.6478897,-0.6462024,0.405535,0.2369269,-0.2273043,0.2285967,0.005946884,0.1625559,-0.2754931,0.1801062,-0.1666495,-0.07558154,0.1314475,0.04430102,-0.01412376,0.1756725,-0.04152922,0.03833917,-0.01288045,0.07721107,0.02584564
0.08381247,-0.6424554,-0.636036,0.3984888,0.2388979,-0.232376,0.2416192,-0.001962999,0.1596199,-0.2712037,0.17552,-0.1656249,-0.07417158,0.1271686,0.0422544,-0.0153798,0.1749868,-0.04090152,0.03350058,-0.013443,0.08112685,0.02317098
0.1004856,-0.6419324,-0.6343393,0.3951584,0.239037,-0.2334149,0.2462462,-0.006055775,0.156554,-0.2662752,0.169957,-0.1590923,-0.07533249,0.1245977,0.0412535,-0.01531063,0.1725594,-0.03965224,0.02965722,-0.01381938,0.08091516,0.02334858
0.1104517,-0.6227295,-0.6132617,0.3791287,0.2613755,-0.25271,0.2547598,-0.008307716,0.153396,-0.2634001,0.1658328,-0.1562739,-0.07559411,0.125273,0.04274,-0.01570846,0.168817,-0.03846783,0.02360939,-0.01591588,0.08452798,0.02315559
0.120933,-0.6479672,-0.6393613,0.3858717,0.2149913,-0.2234942,0.2522384,-0.004976567,0.1506419,-0.2596844,0.1717416,-0.1523741,-0.07212228,0.1191986,0.04300167,-0.01635612,0.172224,-0.03867789,0.01776858,-0.01516871,0.08751535,0.02056882
0.1338786,-0.649857,-0.6365278,0.3863197,0.2159006,-0.2233835,0.2586078,-0.006439274,0.1460924,-0.2562624,0.1700736,-0.1494169,-0.0727421,0.1198548,0.04285932,-0.01554297,0.1728954,-0.04050393,0.01289014,-0.01503414,0.09077469,0.01977997
0.1519301,-0.6429791,-0.619267,0.3773335,0.2275286,-0.2371914,0.279132,-0.01413656,0.1453076,-0.2575657,0.164503,-0.1453391,-0.06982848,0.1174992,0.04635334,-0.01545817,0.1741909,-0.03811752,0.009268099,-0.01450345,0.09375479,0.01573668
0.1569639,-0.6503959,-0.6300275,0.3767098,0.2104797,-0.216025,0.2733364,-0.01511151,0.1449995,-0.2548946,0.1645009,-0.1434302,-0.06602751,0.1106995,0.04528912,-0.01748562,0.176278,-0.03724632,0.006729014,-0.0111718,0.09054791,0.01092764
0.1731402,-0.6290026,-0.6098735,0.3627397,0.220048,-0.2190689,0.2904208,-0.01062428,0.1660485,-0.2359648,0.1453769,-0.1458465,-0.06250315,0.1044363,0.04460611,-0.01978477,0.1715622,-0.0360764,0.004791617,-0.01129235,0.09207756,0.007765008
0.1834146,-0.6479709,-0.6258917,0.3635726,0.1968728,-0.2040416,0.2887407,-0.00773632,0.1641563,-0.2353936,0.1483112,-0.1384067,-0.06429111,0.103307,0.04497974,-0.02039136,0.1677145,-0.03529012,-0.001707946,-0.01222959,0.09233608,0.008660118
0.1925358,-0.649718,-0.6267807,0.3595888,0.1949433,-0.2024179,0.2901356,-0.01397536,0.1523467,-0.2397967,0.1517297,-0.1347581,-0.06173124,0.1010874,0.04423834,-0.0201027,0.1698997,-0.03561636,-0.007710437,-0.00956774,0.09555159,0.005837379
0.2067565,-0.6317752,-0.6096017,0.3509768,0.2005636,-0.2105006,0.305085,-0.0230113,0.1558116,-0.2400118,0.1407267,-0.1334371,-0.05569557,0.09195886,0.04241465,-0.02171854,0.1724758,-0.03125012,-0.01011418,-0.007570237,0.09712196,-0.0009157679
0.2175776,-0.6334723,-0.6098053,0.3457668,0.1983821,-0.2064415,0.3069192,-0.02599519,0.1569242,-0.2385393,0.1385374,-0.1293185,-0.05446331,0.08837247,0.04242501,-0.02147103,0.1717875,-0.0306298,-0.01313249,-0.007126468,0.0986805,-0.002422215
0.2224008,-0.633754,-0.6146517,0.3371507,0.1945466,-0.1965204,0.307314,-0.03184165,0.1553184,-0.2385762,0.1352429,-0.1255434,-0.0508454,0.08093517,0.03687295,-0.02178126,0.1698614,-0.03017287,-0.01891929,-0.004527231,0.1011089,-0.005261678
0.2240877,-0.6427096,-0.6274897,0.327384,0.1894254,-0.1888784,0.301832,-0.03494851,0.134113,-0.2394017,0.1465048,-0.1176446,-0.05140724,0.0740143,0.03455389,-0.02057846,0.1690918,-0.03188938,-0.02746003,-0.006733634,0.1059242,-0.002293989
0.2451624,-0.6375905,-0.6153075,0.3165241,0.2060455,-0.2114688,0.3193094,-0.03747724,0.136168,-0.2316375,0.1356547,-0.1144969,-0.05076215,0.07601445,0.03167482,-0.02191452,0.1698482,-0.02344847,-0.02539846,-0.00663127,0.1051286,-0.008177405
0.2599577,-0.6360783,-0.6122065,0.3088934,0.2081981,-0.2096242,0.3178889,-0.04123041,0.1329084,-0.2283945,0.1318358,-0.1079966,-0.05176355,0.07340653,0.03120156,-0.02168023,0.1682932,-0.02168458,-0.02765449,-0.006031985,0.1051268,-0.009930356
0.267015,-0.6309255,-0.6086612,0.306279,0.2038902,-0.2066994,0.3221498,-0.04363775,0.1315895,-0.2294348,0.1261775,-0.1065436,-0.04963287,0.06989641,0.0294606,-0.02167015,0.167945,-0.01904376,-0.02864181,-0.004004548,0.1054989,-0.01309252
0.276854,-0.6314023,-0.6110765,0.3041954,0.1956553,-0.1972089,0.3258826,-0.04566343,0.1297836,-0.2288389,0.1239068,-0.1054498,-0.04857768,0.0675415,0.02558092,-0.02150797,0.1673828,-0.02115209,-0.03245215,-0.00252116,0.106871,-0.01518605
0.2779855,-0.6342608,-0.6265859,0.3114786,0.1765694,-0.1744211,0.3168974,-0.04251121,0.1276564,-0.2266215,0.1223487,-0.1017477,-0.0497454,0.06441969,0.02188822,-0.02029616,0.1661764,-0.02384543,-0.03460865,-0.001244677,0.1086989,-0.01513641
0.2964243,-0.6288521,-0.6121923,0.2913772,0.1901238,-0.185379,0.3356344,-0.04883163,0.1303653,-0.2227519,0.1166342,-0.09823632,-0.04339665,0.06289936,0.02186142,-0.01995269,0.1703072,-0.01516968,-0.0397825,0.0003927176,0.1104077,-0.01984474
0.3048249,-0.6295226,-0.616457,0.2898951,0.1893075,-0.1793568,0.3359153,-0.05031592,0.126895,-0.2179334,0.1107413,-0.09562731,-0.04407493,0.0617637,0.01828028,-0.0191257,0.1702062,-0.01570039,-0.03886636,0.003435478,0.1102783,-0.02166176
0.3152948,-0.6292117,-0.613769,0.2855144,0.1891035,-0.1794157,0.342694,-0.05096489,0.1273588,-0.2168924,0.1060846,-0.09285029,-0.04295209,0.06103627,0.01503981,-0.02004321,0.1696272,-0.01363118,-0.04099364,0.005917341,0.1082484,-0.02410568
0.3211175,-0.627358,-0.6129547,0.2769172,0.189236,-0.1771634,0.3442458,-0.05561088,0.1294027,-0.2160298,0.1031342,-0.08888096,-0.04163679,0.05854094,0.01218273,-0.01909922,0.1682401,-0.01229953,-0.04214967,0.006303385,0.1096667,-0.02647456
0.3220827,-0.6250398,-0.617124,0.2610413,0.1772993,-0.1696979,0.3441371,-0.06205111,0.1302271,-0.2077274,0.1048923,-0.09005472,-0.03725499,0.04831977,0.008846541,-0.02022931,0.1680222,-0.01003033,-0.04378971,0.005088307,0.1129543,-0.02848166
0.327017,-0.6336414,-0.6236172,0.2505934,0.1654134,-0.1666701,0.3349695,-0.06621555,0.1310032,-0.2093729,0.1138154,-0.083648,-0.03786802,0.04049824,0.008971033,-0.02076972,0.1661773,-0.006445923,-0.04619162,0.002379621,0.1164518,-0.03063802
0.3340874,-0.6402466,-0.6260514,0.2399545,0.1549246,-0.1696375,0.3332486,-0.06821629,0.1268381,-0.2023735,0.1228063,-0.08087694,-0.03659055,0.0375688,0.004389291,-0.01954207,0.1632652,-0.003159871,-0.05025107,-0.001404037,0.1168652,-0.03118349
0.3506738,-0.6211905,-0.5981206,0.2097831,0.1874941,-0.1988463,0.3365231,-0.06571566,0.1256777,-0.1935628,0.1245695,-0.07779001,-0.03310775,0.03466712,0.00015679,-0.01804849,0.1582665,0.0009704133,-0.04754477,-0.007452704,0.1225132,-0.0365303
0.3558922,-0.6228764,-0.6005291,0.206671,0.1752819,-0.1957946,0.3310554,-0.06556399,0.1249931,-0.1907136,0.1272854,-0.07708468,-0.0310681,0.02974821,-0.002953316,-0.01855093,0.158736,0.00257553,-0.04634951,-0.007470585,0.121691,-0.03841778
0.3584189,-0.618357,-0.5965704,0.1937223,0.1787817,-0.2020078,0.3276688,-0.06538682,0.1264853,-0.1842671,0.1295895,-0.07671257,-0.02955464,0.02608922,-0.007369598,-0.01888984,0.1537566,0.003550814,-0.04653636,-0.009049165,0.1208286,-0.0413845
0.3662802,-0.6136292,-0.5870541,0.176154,0.1741595,-0.2013744,0.3281122,-0.06208644,0.1290365,-0.1658222,0.1311804,-0.07794294,-0.02281274,0.01887378,-0.01323171,-0.02056784,0.1556967,0.006467694,-0.04578117,-0.01112447,0.1191325,-0.04828793
0.3976247,-0.5297112,-0.5013217,0.1145475,0.2753395,-0.2880181,0.353917,-0.06024192,0.129734,-0.1497529,0.107929,-0.07171167,-0.0203665,0.02400389,-0.0163728,-0.0144165,0.1506595,0.01676277,-0.04440175,-0.01687092,0.1271918,-0.05859861
0.3778916,-0.5777498,-0.555899,0.1496243,0.1962297,-0.235303,0.3367594,-0.06714071,0.1277773,-0.1610773,0.1183623,-0.07632806,-0.02177648,0.01363384,-0.01814575,-0.0167424,0.1491263,0.01080751,-0.0420457,-0.01765268,0.1247454,-0.05167097
0.3836601,-0.5945768,-0.5548704,0.1381248,0.1855341,-0.2300385,0.3287632,-0.06838307,0.111164,-0.1625144,0.1399338,-0.06858372,-0.01750079,0.008681995,-0.01994931,-0.01494186,0.1515824,0.01126019,-0.04743434,-0.02376618,0.1290984,-0.05283396
0.3908507,-0.591103,-0.5533559,0.1345224,0.1782897,-0.2309656,0.3249552,-0.07114928,0.1080298,-0.1620799,0.1396284,-0.0692265,-0.01757832,0.002311413,-0.02084625,-0.01605193,0.146818,0.01106032,-0.04596363,-0.02468604,0.1286693,-0.05416321
0.4095562,-0.5708218,-0.5278766,0.1109265,0.2010637,-0.2478833,0.3173429,-0.07117674,0.1025745,-0.1485396,0.1386055,-0.0685099,-0.01708192,-0.001785544,-0.02516112,-0.01630109,0.1455307,0.01211443,-0.04666914,-0.0278295,0.129191,-0.05831875
0.420801,-0.5525616,-0.508547,0.09778502,0.2155803,-0.2579354,0.3159355,-0.07058416,0.09581077,-0.1443877,0.132725,-0.06692209,-0.01754588,-0.00429144,-0.02706099,-0.01423714,0.1428183,0.01420731,-0.04606101,-0.029491,0.1297093,-0.0599972
0.4338256,-0.5305858,-0.4839784,0.08433088,0.2247564,-0.2714938,0.3226232,-0.06701625,0.1054,-0.1299557,0.1197496,-0.06954962,-0.01505964,-0.009479792,-0.0284147,-0.01346405,0.1404906,0.01654935,-0.04255037,-0.03306806,0.1301971,-0.06168873
0.449759,-0.4710023,-0.4237238,0.03529295,0.2860672,-0.315931,0.3312434,-0.07052314,0.09145465,-0.118894,0.1048883,-0.0634887,-0.01407116,-0.01093482,-0.03226483,-0.009248428,0.1358882,0.02804043,-0.0468383,-0.0366106,0.13031,-0.06611731
0.4391589,-0.4817641,-0.4526346,0.05643702,0.2381475,-0.2834287,0.3171105,-0.07364813,0.08896399,-0.1194105,0.1013644,-0.06509887,-0.01819074,-0.02170135,-0.03289552,-0.01311611,0.1319814,0.0211026,-0.04114611,-0.0399569,0.1313225,-0.06546826
0.4391158,-0.4861998,-0.4575873,0.05436845,0.226439,-0.2760818,0.3046384,-0.07153417,0.08964432,-0.1202186,0.1015304,-0.0633666,-0.01981462,-0.02622206,-0.03395855,-0.01263616,0.127139,0.01955545,-0.04549864,-0.03940415,0.1303548,-0.06352272
0.454075,-0.497679,-0.4519787,0.03906354,0.2192505,-0.2777214,0.309079,-0.07481852,0.08124468,-0.1171422,0.1134557,-0.05962459,-0.01301582,-0.03171756,-0.03665749,-0.0100483,0.1293223,0.02256417,-0.04706864,-0.04142684,0.1353415,-0.06508023
0.4702901,-0.4729682,-0.4221281,0.02532366,0.233342,-0.2958103,0.3081475,-0.07422248,0.07650606,-0.1148763,0.105827,-0.0597824,-0.01362826,-0.03587222,-0.0391896,-0.008840122,0.1267528,0.02777748,-0.04921716,-0.04485884,0.1371657,-0.06552399
0.4761072,-0.4711498,-0.4140494,0.01751051,0.2289685,-0.2918821,0.3038772,-0.07503644,0.07106409,-0.1071098,0.1065581,-0.06131727,-0.01193766,-0.04112174,-0.04358333,-0.008838625,0.1266556,0.02785452,-0.04561259,-0.04778507,0.1396199,-0.06828291
0.4915758,-0.4318569,-0.370271,-0.01661315,0.2661996,-0.3262445,0.3190296,-0.07974708,0.0651755,-0.104982,0.09609178,-0.05715938,-0.008041857,-0.04003808,-0.04704684,-0.001686387,0.1293845,0.03827963,-0.04670221,-0.04989682,0.1446653,-0.07337327
0.4926258,-0.4237521,-0.3669678,-0.02173939,0.2630506,-0.3176288,0.3094383,-0.07191557,0.07606676,-0.09608342,0.08369664,-0.05293022,-0.009874619,-0.04196953,-0.04745657,-0.001282894,0.1238748,0.03889971,-0.04635695,-0.05143629,0.1456916,-0.07117518
0.4877927,-0.4391359,-0.3925946,-0.00248616,0.2146504,-0.2865978,0.296996,-0.07505707,0.08044905,-0.1012634,0.08424819,-0.05390501,-0.01274024,-0.04922516,-0.04613156,-0.003952567,0.1221166,0.0335693,-0.04711728,-0.05355354,0.1438417,-0.06633211
0.4844902,-0.427058,-0.3893071,0.001944955,0.2010165,-0.2812583,0.2958521,-0.06700516,0.09482934,-0.09536487,0.0730532,-0.05698432,-0.01472458,-0.05356516,-0.04910544,0.0006204803,0.1206242,0.0300294,-0.04023566,-0.0566056,0.1450252,-0.06859326
0.4851156,-0.4297848,-0.3872952,-0.0008382499,0.2077449,-0.2850319,0.292225,-0.06446762,0.09560785,-0.09717333,0.08076182,-0.05529715,-0.0109814,-0.0565137,-0.0462392,-0.001363412,0.1273604,0.03181332,-0.04198927,-0.05709106,0.1427452,-0.06373727
0.5012929,-0.4635663,-0.3990493,-0.002769193,0.2163795,-0.2894109,0.2877895,-0.07761413,0.0729991,-0.0958787,0.09841686,-0.04897455,-0.01059735,-0.04988497,-0.04520487,0.0004390776,0.1257373,0.03399432,-0.03961341,-0.0546116,0.1408484,-0.06029317
0.51471,-0.4332421,-0.3621721,-0.02854944,0.2735686,-0.3363454,0.3074771,-0.07812956,0.07300057,-0.09346551,0.0927287,-0.04730339,-0.008059566,-0.04164943,-0.04944825,0.003907422,0.1247914,0.04375752,-0.03533031,-0.05584699,0.1423576,-0.06335859
0.5147467,-0.4397276,-0.3641188,-0.0311418,0.2835041,-0.341693,0.3066271,-0.0767436,0.07430937,-0.0934974,0.09773505,-0.04648161,-0.006168805,-0.03950852,-0.04723199,0.00489221,0.1263971,0.04576791,-0.03396739,-0.05447667,0.1427168,-0.06018326
0.5076538,-0.4592181,-0.3879544,-0.01164189,0.2607659,-0.3245797,0.2945978,-0.07840046,0.07482747,-0.09446261,0.1089683,-0.05296273,-0.008026119,-0.04177177,-0.04535354,-0.0005521088,0.127211,0.04129314,-0.03039869,-0.05462252,0.1355275,-0.05400419
0.5068397,-0.4635416,-0.386946,-0.01486579,0.2731319,-0.3275312,0.2987919,-0.07884317,0.07347735,-0.09099727,0.1129739,-0.04962727,-0.004564859,-0.04059594,-0.04290023,-0.0009890891,0.1305873,0.04468301,-0.02510842,-0.05423252,0.1344131,-0.05417867
0.5118416,-0.4496936,-0.369718,-0.02065401,0.2969687,-0.346408,0.3051123,-0.07814363,0.06991229,-0.09324811,0.1119534,-0.04902952,-0.0003465476,-0.03836339,-0.04175469,-0.001811655,0.1371818,0.05418204,-0.0217189,-0.05226578,0.1303276,-0.05165733
0.4997161,-0.4573907,-0.3863055,-0.008481369,0.28464,-0.3443671,0.3052483,-0.07619134,0.07723358,-0.1013438,0.118284,-0.04882389,-0.001304706,-0.03541328,-0.03531029,-0.004345475,0.1385056,0.05599616,-0.02623431,-0.05156624,0.1294446,-0.04975666
0.4931944,-0.4591104,-0.3875721,-0.00924769,0.2915367,-0.3485283,0.3047478,-0.0744616,0.08240069,-0.1022363,0.1179182,-0.04626167,0.0001531237,-0.03462547,-0.03407165,-0.005353549,0.139678,0.05921964,-0.02226756,-0.05118328,0.1277796,-0.04862598
0.4878264,-0.4581916,-0.3909347,-0.005498855,0.2948042,-0.3556779,0.3013866,-0.07169793,0.0847835,-0.1047511,0.1211553,-0.04641344,0.0004498083,-0.03423113,-0.03241944,-0.005042307,0.1403067,0.05937077,-0.02226547,-0.0511451,0.1239943,-0.04768232
0.5030255,-0.4223998,-0.3521133,-0.02650824,0.3508194,-0.4034525,0.3138179,-0.07170304,0.08862498,-0.1016793,0.110816,-0.04373209,0.0006828842,-0.02427023,-0.03469695,0.000101433,0.1372089,0.06142183,-0.01944277,-0.05418995,0.1298432,-0.04717253
0.5009467,-0.4102215,-0.3502089,-0.02326291,0.359322,-0.4174458,0.3111598,-0.0705153,0.09229357,-0.09915265,0.1071941,-0.04522898,-0.001545763,-0.02265801,-0.03365123,0.001217974,0.1341368,0.05588989,-0.01947395,-0.05486707,0.1286767,-0.04549927
0.502395,-0.4085258,-0.3516658,-0.02072232,0.3551062,-0.4176149,0.310891,-0.07125709,0.09441077,-0.1023736,0.1118849,-0.05117278,-0.002305858,-0.02210679,-0.03145523,0.001550885,0.1390971,0.06019657,-0.01818251,-0.05413216,0.1254598,-0.04586379
0.49905,-0.4269818,-0.3756965,0.0009061297,0.330123,-0.3948132,0.2975249,-0.07353044,0.1023517,-0.1082875,0.1171498,-0.05905291,-0.004639168,-0.0232547,-0.03331067,-0.004077184,0.1482362,0.06434236,-0.01576366,-0.04958,0.1124095,-0.04187775
0.5115098,-0.3924016,-0.3421379,-0.0130754,0.384995,-0.4375699,0.2966565,-0.07359874,0.1023135,-0.1010774,0.1062208,-0.05672557,-0.01102399,-0.01308371,-0.03367569,-0.001440309,0.1435498,0.06426811,-0.01102684,-0.05154537,0.1122842,-0.03921235
0.4769413,-0.4242933,-0.3903707,0.0207709,0.3205669,-0.395231,0.2981051,-0.07409202,0.1187852,-0.1261608,0.1167435,-0.06779978,-0.01176213,-0.01163838,-0.02819298,-0.0005665769,0.1565603,0.06648031,-0.01627641,-0.04915725,0.1138476,-0.03626932
0.4733024,-0.4159479,-0.3864926,0.02167429,0.3263142,-0.4037871,0.2985199,-0.07653166,0.1204058,-0.1257328,0.1167184,-0.07402769,-0.01522731,-0.0057667,-0.02526402,0.0006803746,0.1605489,0.06719946,-0.01855628,-0.04845447,0.1127167,-0.03497314
0.4703661,-0.4122059,-0.3868076,0.02625689,0.328362,-0.4057078,0.2971059,-0.07560404,0.1277036,-0.1221638,0.1148597,-0.07484358,-0.01814093,-0.005514306,-0.02576545,0.003414877,0.1620939,0.06629089,-0.02208969,-0.0496245,0.1103302,-0.03178963
0.4727209,-0.3810168,-0.3524507,0.00904239,0.3601716,-0.4305091,0.3132159,-0.07245187,0.134223,-0.1131491,0.1083148,-0.07994846,-0.01648493,-0.004555228,-0.02690833,0.006633945,0.1720051,0.07527227,-0.02241547,-0.05012684,0.1094054,-0.03810265
0.4660828,-0.3666008,-0.354584,0.02238221,0.3537766,-0.4254625,0.3084031,-0.08138102,0.1329874,-0.1155097,0.1000577,-0.08447948,-0.01877282,-0.004809795,-0.02672677,0.009034019,0.1744777,0.0718927,-0.02580584,-0.0491733,0.1084733,-0.03401679
0.4632984,-0.357159,-0.3451302,0.02923894,0.3567216,-0.4268464,0.3055312,-0.0802011,0.1353058,-0.1194601,0.09779825,-0.08737231,-0.01999565,-0.005253019,-0.02121668,0.01024002,0.1790535,0.07100996,-0.02980025,-0.04884576,0.1094869,-0.02992848
0.4567019,-0.3384603,-0.3395996,0.04270256,0.3470033,-0.4264984,0.3126888,-0.07844798,0.1485285,-0.1203793,0.0879373,-0.09336632,-0.0208606,-0.003663873,-0.02219393,0.01237054,0.1853993,0.07121395,-0.03533564,-0.04864745,0.1039554,-0.02847467
0.4419877,-0.314194,-0.3321206,0.04806115,0.3467261,-0.4253775,0.3076088,-0.08630078,0.1484175,-0.1242501,0.08009857,-0.09772336,-0.02358366,-0.005353084,-0.02094159,0.01092862,0.1853529,0.06957481,-0.03637111,-0.04788749,0.09857803,-0.02724638
0.4393898,-0.3045199,-0.324088,0.0616825,0.3363179,-0.4253268,0.3168805,-0.07814701,0.16334,-0.1227839,0.06822184,-0.09927116,-0.02752695,-0.008007858,-0.01883055,0.01258912,0.19185,0.06987229,-0.04056271,-0.04791159,0.09469017,-0.02670771
0.4355626,-0.2980714,-0.3288359,0.05395242,0.3423647,-0.4264494,0.3109547,-0.08106427,0.1692338,-0.1221254,0.06847367,-0.1014481,-0.02923013,-0.008881967,-0.01896238,0.01260221,0.190828,0.07521708,-0.0391244,-0.0467324,0.09022289,-0.02473193
0.4439965,-0.3207537,-0.3310589,0.04381825,0.3535216,-0.4417444,0.3023512,-0.08918653,0.1490342,-0.1208491,0.08644471,-0.09621928,-0.02474973,-0.003465836,-0.02253136,0.01276659,0.1882998,0.07857706,-0.04200369,-0.04580895,0.09180862,-0.02060574
0.4467138,-0.3194779,-0.3314727,0.04033797,0.3556494,-0.4462939,0.2926502,-0.08971777,0.1498779,-0.1184228,0.08904058,-0.0946776,-0.02463531,-0.001877892,-0.02134605,0.01143296,0.1844164,0.08006328,-0.0399349,-0.04598171,0.09116604,-0.01921691
0.4448788,-0.3201894,-0.3334868,0.03606829,0.3544067,-0.4489415,0.2890454,-0.09113441,0.1477913,-0.1199703,0.09294041,-0.09496114,-0.02266773,-0.001923786,-0.02110696,0.01029171,0.1828477,0.08107611,-0.0391464,-0.04506944,0.09231953,-0.01991923
0.4456336,-0.3167717,-0.3338429,0.03195843,0.3564196,-0.4524987,0.2866369,-0.08917937,0.1472361,-0.121287,0.09447557,-0.09590667,-0.02335421,-0.001115955,-0.02082544,0.01083346,0.1828125,0.08305978,-0.03804914,-0.04481088,0.0913767,-0.02027701
0.4446387,-0.3134853,-0.3317436,0.02869519,0.3587983,-0.4561804,0.2881644,-0.0842995,0.1539286,-0.1220683,0.09194262,-0.09551018,-0.02248873,-0.0007797231,-0.02069459,0.009589591,0.1821101,0.08758551,-0.03604037,-0.04462722,0.08952486,-0.01983325
0.4458512,-0.3235128,-0.3382761,0.02598939,0.3591128,-0.4588443,0.2837205,-0.08376246,0.1579844,-0.1181275,0.09461367,-0.09436182,-0.02200735,-0.003090177,-0.02334408,0.009278521,0.1800106,0.08908823,-0.03436939,-0.04264434,0.08772626,-0.01861454
0.4432983,-0.3241725,-0.3410029,0.02234462,0.3511664,-0.4574576,0.2783993,-0.08661904,0.1617814,-0.1149852,0.09505534,-0.09712281,-0.01966192,-0.005425394,-0.02486508,0.008532523,0.1770816,0.08678778,-0.03137496,-0.04201414,0.08719667,-0.01932033
0.4468084,-0.3023988,-0.3233209,0.0110545,0.3823037,-0.4834898,0.2783164,-0.08721254,0.1590762,-0.1092314,0.08579219,-0.09363239,-0.02231546,-0.002311103,-0.0275498,0.009367253,0.171389,0.08521792,-0.02885581,-0.04317379,0.08885577,-0.01584741
0.4450314,-0.2957626,-0.3242783,0.001543112,0.3876734,-0.4864102,0.2750499,-0.09002295,0.1568601,-0.1069407,0.08538419,-0.09707414,-0.02104296,-0.003506499,-0.0303474,0.01055312,0.168217,0.08630201,-0.02585173,-0.04086438,0.08791929,-0.01787953
0.4455652,-0.2934122,-0.3222138,0.002649567,0.3863803,-0.4925384,0.2740354,-0.08810083,0.1586526,-0.1088695,0.08517098,-0.09506893,-0.02036,-0.004369237,-0.03004327,0.009718623,0.1680676,0.08770708,-0.02485426,-0.04151792,0.08642563,-0.01745869
0.4448016,-0.2851751,-0.3228493,-0.002126728,0.3903016,-0.4958411,0.2708762,-0.09040525,0.1599618,-0.1076117,0.08353478,-0.09611139,-0.02117345,-0.003575596,-0.03189617,0.0123919,0.1661929,0.08649421,-0.02527953,-0.04343165,0.08633805,-0.01552825
0.4542718,-0.290388,-0.324449,-0.004045428,0.3953479,-0.5033607,0.2715008,-0.08844396,0.161056,-0.1105393,0.07810653,-0.09127489,-0.01917772,-0.00697265,-0.03465023,0.00891083,0.1672692,0.09837466,-0.02133331,-0.03599432,0.07894466,-0.0148074
0.4461338,-0.2809286,-0.3228679,0.002114615,0.3946904,-0.5063344,0.2660975,-0.08728886,0.1707708,-0.1091838,0.07417636,-0.0902679,-0.02269328,-0.007685076,-0.03058617,0.008166042,0.1622721,0.09410033,-0.02279764,-0.03968407,0.07838237,-0.01146969
0.4423528,-0.2731967,-0.3190875,-0.004173364,0.3979727,-0.5084644,0.2658236,-0.08880943,0.17455,-0.1105952,0.07037454,-0.09171776,-0.02103803,-0.01018767,-0.0317807,0.00778242,0.1614789,0.09393081,-0.02037174,-0.03801036,0.07886124,-0.01173
0.4426276,-0.2671494,-0.3202772,-0.008796244,0.3969046,-0.509239,0.2588185,-0.09083179,0.1768513,-0.1096896,0.07058344,-0.09303061,-0.02063461,-0.01132498,-0.03349903,0.008905998,0.1603932,0.09355202,-0.01984855,-0.03821776,0.07720202,-0.01052292
0.4414558,-0.2616888,-0.3217689,-0.01374349,0.3982916,-0.5103648,0.2516619,-0.09383723,0.1733077,-0.114109,0.07266116,-0.09309079,-0.01889467,-0.01227054,-0.03577514,0.009925535,0.1598191,0.09348676,-0.02090316,-0.03811345,0.07738028,-0.009948467
0.4398327,-0.2606876,-0.3238049,-0.01054605,0.4008525,-0.5155112,0.2434104,-0.08888829,0.1764754,-0.1139037,0.06815071,-0.09030369,-0.02159864,-0.01029862,-0.0358955,0.01239428,0.15854,0.093662,-0.0231155,-0.03799163,0.07559773,-0.005118754
0.4363756,-0.256405,-0.3217683,-0.01371125,0.4052936,-0.5218139,0.2426593,-0.0891725,0.1800996,-0.1123836,0.06734624,-0.09073218,-0.021427,-0.01054029,-0.03700969,0.01318797,0.1587766,0.09436526,-0.02374312,-0.03896333,0.07327595,-0.00361502
0.4373972,-0.2476045,-0.3216014,-0.01845482,0.4073438,-0.5261785,0.2365075,-0.09563937,0.1718525,-0.1165798,0.06869452,-0.09086045,-0.01977667,-0.01218094,-0.04182746,0.01362606,0.1582317,0.09769026,-0.02442058,-0.03628029,0.0695953,-0.002837133
0.4264612,-0.2335754,-0.3158178,-0.01792852,0.4049111,-0.5220492,0.2368809,-0.09570328,0.1838072,-0.1233634,0.05931964,-0.09161088,-0.01472298,-0.01687155,-0.04270163,0.01444713,0.163347,0.101798,-0.022262,-0.03451908,0.07206527,-0.003007649
0.4199466,-0.221567,-0.3136053,-0.02606723,0.4078891,-0.5244648,0.2345855,-0.09685075,0.1876508,-0.120776,0.05809545,-0.0909543,-0.01255168,-0.01954064,-0.04307625,0.01666116,0.1620906,0.09799799,-0.02336922,-0.03656726,0.07473971,-0.003078204
0.41278,-0.2124924,-0.3142536,-0.02419745,0.4013593,-0.5218054,0.2286541,-0.09870434,0.1904789,-0.1239175,0.05762434,-0.09222012,-0.01046153,-0.02258822,-0.04433081,0.01693428,0.1620129,0.0971022,-0.02455159,-0.03687332,0.07390767,-0.002734926
0.4103093,-0.2048096,-0.3131746,-0.02589593,0.4094119,-0.5290074,0.2213642,-0.09536911,0.1907333,-0.1228226,0.05312735,-0.0903548,-0.01136169,-0.02049257,-0.04606785,0.01814392,0.1592724,0.09604207,-0.02613112,-0.03554758,0.074545,0.001234499
0.4007929,-0.2110054,-0.3187908,-0.03342069,0.4053638,-0.528505,0.2101273,-0.09791359,0.191497,-0.1271576,0.06856648,-0.1011743,-0.002722399,-0.02171716,-0.04682497,0.01709903,0.1613188,0.09662654,-0.02434612,-0.03214796,0.07278034,0.0005667756
0.400589,-0.236384,-0.3414553,-0.02431541,0.3839945,-0.5158266,0.1818087,-0.07738297,0.2020057,-0.1172383,0.08580267,-0.1053505,-0.007222418,-0.02130402,-0.04440638,0.01694692,0.1532758,0.08826687,-0.02406811,-0.03532483,0.06448448,0.005227204
0.3883468,-0.2689268,-0.3815204,-0.00733242,0.3348165,-0.4841532,0.1667156,-0.07364666,0.2061365,-0.13309,0.1063819,-0.1131823,0.001674575,-0.02223052,-0.0434842,0.01342691,0.1575976,0.08605248,-0.02445102,-0.0296875,0.06527456,0.004017998
0.4003322,-0.2189016,-0.3324209,-0.04624388,0.4107109,-0.5537958,0.1769813,-0.07509294,0.2117335,-0.1248861,0.09481657,-0.1135244,0.001047652,-0.01015028,-0.04298654,0.01633462,0.1534418,0.0969677,-0.02233745,-0.02969958,0.0677982,0.004434422
0.4082404,-0.2404663,-0.337479,-0.05573801,0.4189573,-0.5651378,0.1709187,-0.07114074,0.2061632,-0.1318855,0.1102528,-0.1102402,0.004183935,-0.006779559,-0.04220212,0.01409111,0.1552811,0.1039317,-0.02348524,-0.02722478,0.06419428,0.008628479
0.4016143,-0.2365729,-0.3345159,-0.05890037,0.4181645,-0.5703157,0.1685931,-0.06413719,0.2100925,-0.1305917,0.1155361,-0.116163,0.009048991,-0.00516174,-0.04216816,0.01121633,0.156489,0.1040576,-0.02120958,-0.02536386,0.06358089,0.008028201
0.3957717,-0.2193085,-0.3310318,-0.06479021,0.4265339,-0.5805997,0.1595068,-0.06422808,0.2089195,-0.1278381,0.1135525,-0.1154253,0.0108788,-0.001832126,-0.04523209,0.01304846,0.152239,0.1020073,-0.02000394,-0.02523178,0.05975589,0.009976863
0.3859848,-0.2467717,-0.3594201,-0.04444869,0.3867137,-0.5524313,0.1232721,-0.05353053,0.2124959,-0.1362185,0.1326419,-0.1210354,0.01410253,-0.003831128,-0.04266388,0.009733991,0.1534855,0.09175763,-0.01673972,-0.02451004,0.0583629,0.0169747
0.3843953,-0.2512256,-0.360695,-0.04494194,0.3811592,-0.5471578,0.112615,-0.05160653,0.2133597,-0.1418809,0.1398043,-0.1226332,0.02072079,-0.00511091,-0.04133238,0.008039447,0.1555498,0.08869348,-0.01600909,-0.02141288,0.06077263,0.01784424
0.3844989,-0.2435424,-0.3605498,-0.0429733,0.3801053,-0.5532641,0.102107,-0.04859401,0.2160736,-0.1433175,0.1402554,-0.12292,0.02162285,-0.0005697354,-0.0400957,0.00670113,0.1541684,0.08849967,-0.01465234,-0.01963541,0.058607,0.02081013
0.3975832,-0.1908064,-0.3098489,-0.07812126,0.4502905,-0.6132436,0.1118639,-0.04734639,0.2160802,-0.1371456,0.1228571,-0.1198576,0.02131288,0.009328905,-0.04067722,0.007349599,0.1487028,0.09566385,-0.01195369,-0.01956178,0.06233188,0.02047197
0.3895874,-0.1865491,-0.3134969,-0.08215658,0.4510109,-0.6172665,0.1000272,-0.0458963,0.2229313,-0.1396934,0.1233955,-0.1228442,0.02393386,0.008706508,-0.04064106,0.006383713,0.1477012,0.09150634,-0.008887355,-0.01762006,0.06250697,0.02319662
0.3816568,-0.1797151,-0.3107459,-0.08185508,0.4528539,-0.6182744,0.09145996,-0.04183364,0.2272551,-0.1469289,0.1300221,-0.1249238,0.02878012,0.009312882,-0.04076514,0.006355919,0.1489685,0.09141155,-0.01154544,-0.01750739,0.06419925,0.02507756
0.3583752,-0.180911,-0.3284076,-0.07412786,0.4375783,-0.6096949,0.07438514,-0.03556621,0.2409724,-0.1493899,0.1306851,-0.1314369,0.02975299,0.009749501,-0.03753131,0.007112642,0.1459921,0.08545769,-0.01111429,-0.01472909,0.06369165,0.02791678
0.3441318,-0.1583231,-0.3237804,-0.07164022,0.4286933,-0.6094291,0.06771526,-0.03190957,0.2484089,-0.1528258,0.128112,-0.1365229,0.03312862,0.006290136,-0.0360438,0.007150161,0.1493972,0.08996543,-0.01181513,-0.01383278,0.05978853,0.02688087
0.3251616,-0.1943775,-0.3712336,-0.04618702,0.3768352,-0.5577695,0.02795385,-0.02472819,0.2400575,-0.1593699,0.1547765,-0.1430541,0.03435709,-0.006177062,-0.04177231,0.006311568,0.1496334,0.07364986,-0.01400747,-0.01273784,0.05667375,0.03127917
0.306431,-0.1730705,-0.368526,-0.04669714,0.3805152,-0.5522879,0.01772264,-0.02320363,0.2538126,-0.172048,0.1483263,-0.1431906,0.03911461,-0.0104081,-0.0375584,0.008002331,0.1556806,0.0753339,-0.009943814,-0.01316213,0.05997539,0.03222466
0.3029563,-0.1780999,-0.3830276,-0.04917281,0.3766199,-0.5498748,0.01215866,-0.02076965,0.2536272,-0.1717072,0.1494571,-0.1436703,0.03963646,-0.01563668,-0.03684435,0.009029691,0.1568571,0.07031886,-0.004905827,-0.01214856,0.06259998,0.0324645
0.3084122,-0.1257737,-0.3408773,-0.07369315,0.445042,-0.6067668,0.0159531,-0.01746804,0.258729,-0.1642261,0.1313874,-0.1365568,0.03524156,-0.005660119,-0.03460231,0.01296243,0.1509383,0.07327569,-0.005109986,-0.01256558,0.06439213,0.03074876
0.2884198,-0.09482858,-0.3327186,-0.06866611,0.4358639,-0.6002547,0.001823793,-0.01613189,0.2668124,-0.1660242,0.1217883,-0.1399078,0.03671118,-0.01046696,-0.03352059,0.01569179,0.148645,0.06913994,-0.00193615,-0.01372007,0.06190378,0.02873895
0.2808651,-0.08260046,-0.333771,-0.06808828,0.4376121,-0.5969474,-0.007828045,-0.01525826,0.2693075,-0.1641959,0.115102,-0.1379814,0.0359754,-0.01170181,-0.03641148,0.01912528,0.1476053,0.0638798,-0.001571506,-0.0129162,0.06102943,0.02953595
0.2620724,-0.06680895,-0.3375739,-0.06620173,0.4363444,-0.5882051,-0.01970883,-0.02026798,0.272335,-0.1717132,0.1087225,-0.1346244,0.03882418,-0.01472939,-0.03908987,0.02189861,0.1508192,0.0657936,7.236749e-05,-0.01060212,0.06203761,0.02801382
0.2575954,-0.03684475,-0.3190017,-0.07857732,0.4678795,-0.6088736,-0.03146505,-0.02158701,0.2695328,-0.1715085,0.1010749,-0.1284088,0.03667148,-0.01866126,-0.03542558,0.02285615,0.1534692,0.05904874,0.004197493,-0.0131024,0.06624239,0.03106
0.2474784,-0.01884865,-0.3138621,-0.0806537,0.471158,-0.6101375,-0.03715898,-0.02001551,0.2810456,-0.1640421,0.09290662,-0.1302987,0.03355419,-0.02426247,-0.03534081,0.02689652,0.1551185,0.05643827,0.007543974,-0.01600709,0.06740525,0.03239712
0.2377375,-0.03652439,-0.3257223,-0.07883713,0.4523852,-0.6011783,-0.03806688,-0.01952631,0.2729773,-0.1735817,0.1065618,-0.1322558,0.0383581,-0.02067518,-0.03362034,0.02282327,0.1539486,0.05639972,0.004165848,-0.01574839,0.06886447,0.0304651
0.2381739,-0.04393399,-0.3250121,-0.08842859,0.4618784,-0.605731,-0.02905793,-0.01566457,0.271196,-0.1671271,0.1100688,-0.1376921,0.03896127,-0.0172428,-0.03540633,0.02283637,0.1510995,0.05946199,0.006422962,-0.01625207,0.07077298,0.02782795
0.2337082,-0.0527271,-0.3233707,-0.09232515,0.461504,-0.6125481,-0.02088218,-0.01122982,0.2722518,-0.1710715,0.114892,-0.1421236,0.03925702,-0.01334676,-0.03433293,0.02241975,0.1523564,0.06141742,0.005743384,-0.01649827,0.07462901,0.02647043
0.233293,-0.05480804,-0.322682,-0.1021748,0.465356,-0.6170586,-0.01422302,-0.009916206,0.2703521,-0.1659685,0.1175823,-0.1431631,0.04313057,-0.01215719,-0.03341901,0.01932228,0.1558115,0.06770661,0.007337893,-0.0168174,0.07651055,0.02518838
0.2187153,-0.09735414,-0.3659191,-0.08376273,0.4081627,-0.5682884,-0.02210876,-0.01121742,0.27612,-0.1636411,0.1335767,-0.1568484,0.04934924,-0.02009152,-0.03722395,0.02057493,0.1625532,0.06464355,0.009575428,-0.01303274,0.07729676,0.02381517
0.2234348,-0.1115925,-0.3675576,-0.08612838,0.4130524,-0.575975,-0.02295302,-0.004722003,0.2705515,-0.1688633,0.1449509,-0.155477,0.04905706,-0.0148236,-0.03528779,0.0188096,0.1630708,0.06330794,0.00869191,-0.01207012,0.08075032,0.02488299
0.2278851,-0.1088913,-0.3589706,-0.09301782,0.4199302,-0.5915969,-0.01500118,-0.0006552587,0.2662527,-0.1598002,0.1448667,-0.156462,0.05261032,-0.0097398,-0.0332666,0.01792956,0.1598427,0.05972401,0.007125054,-0.01440714,0.08272003,0.02783066
0.2277336,-0.07110386,-0.3237573,-0.1292039,0.4808622,-0.6487741,0.01189901,-0.009321199,0.2638983,-0.1591719,0.1278049,-0.152852,0.05276923,0.002248234,-0.03143411,0.01882895,0.1557192,0.06660745,0.01029359,-0.01516174,0.09057415,0.02559904
0.236609,-0.047315,-0.2955307,-0.1561738,0.5196864,-0.6753958,0.02553755,-0.007227505,0.2592297,-0.150855,0.1250596,-0.154123,0.05667757,0.002023369,-0.03525012,0.01828343,0.1574904,0.06962059,0.01254067,-0.01651461,0.09907123,0.02107378
0.2212764,-0.06123154,-0.3155873,-0.1489447,0.4926988,-0.6607689,0.02310631,-0.004492807,0.2624984,-0.1562142,0.1311242,-0.1572847,0.0647647,-0.003207209,-0.03575337,0.01586322,0.1630738,0.06667889,0.01506088,-0.01317836,0.1006591,0.01647011
0.216881,-0.05784478,-0.3130808,-0.1605765,0.5002835,-0.6706426,0.03117716,-0.005618934,0.2614847,-0.1500161,0.1327428,-0.1632837,0.06827863,-0.001302003,-0.03444537,0.01350494,0.1647562,0.07103851,0.01769331,-0.009989883,0.1016152,0.009319726
0.1992949,-0.04731841,-0.3139687,-0.1650739,0.5044345,-0.670897,0.0305229,-0.0135347,0.2637687,-0.1450704,0.1286234,-0.1690484,0.06934187,-0.001838494,-0.03309329,0.01264843,0.1660305,0.06927893,0.02214056,-0.008682366,0.1020482,0.008034926
0.1781028,-0.04498599,-0.3186776,-0.1706895,0.5083895,-0.6690345,0.031173,-0.008411665,0.2728782,-0.1426436,0.1296078,-0.1744561,0.07074746,-0.002833932,-0.02900586,0.01237783,0.1679602,0.06859419,0.02680439,-0.007442826,0.1053431,0.00646411
0.1468592,-0.08703795,-0.3714087,-0.1380156,0.4363941,-0.6098794,0.01155395,-0.005993616,0.2875531,-0.1449178,0.1387371,-0.1792831,0.07325745,-0.01336431,-0.02519399,0.01363176,0.171444,0.06037897,0.02992447,-0.006708626,0.1021732,0.006474494
0.1374117,-0.08153189,-0.3667257,-0.1522258,0.4586873,-0.6268911,0.0158315,-0.005699837,0.2861533,-0.1389267,0.1377641,-0.1819246,0.07343791,-0.009158854,-0.02484,0.01170415,0.1691025,0.05756665,0.03403632,-0.006728159,0.1040882,0.005033129
0.1308336,-0.06690514,-0.3456278,-0.1896604,0.4999336,-0.6503344,0.05195165,-0.004639157,0.2901698,-0.1386846,0.1337092,-0.1761254,0.08417288,-0.001411249,-0.02606757,0.01847305,0.178779,0.06606878,0.03038044,-0.005981505,0.11631,-0.003807486
0.1200731,-0.06223268,-0.3454981,-0.1945771,0.5021302,-0.6518416,0.0530195,-0.004599045,0.2912761,-0.1352773,0.1333959,-0.1791019,0.08664379,-0.00248378,-0.0264146,0.01783978,0.1817684,0.06994361,0.03221424,-0.003671714,0.1142687,-0.007472476
0.1088315,-0.06120307,-0.3498946,-0.1999143,0.5080051,-0.6524563,0.05286664,-0.002387547,0.2915434,-0.1353791,0.1319997,-0.1759553,0.08647406,-0.003590498,-0.02719587,0.01716031,0.1809285,0.06914819,0.03208181,-0.00333856,0.1150763,-0.009520733
0.1024216,-0.05857351,-0.3471326,-0.2094066,0.5327166,-0.6614107,0.05277183,-0.003778135,0.2895685,-0.1341171,0.1325007,-0.1718795,0.08534867,-0.003110183,-0.027049,0.01938308,0.1798004,0.06486113,0.03542705,-0.005328973,0.1186233,-0.01344894
0.1015207,-0.04814946,-0.336203,-0.2258054,0.5543275,-0.6807318,0.06554376,-0.003129347,0.2909868,-0.1294205,0.1288341,-0.169552,0.08660401,-0.0002283684,-0.02568498,0.01967457,0.180477,0.06482963,0.0349432,-0.007642442,0.1239895,-0.01498239
0.08832538,-0.0372754,-0.3313396,-0.2288087,0.5603699,-0.687607,0.07055504,-0.004228376,0.2973041,-0.1220794,0.123377,-0.1686493,0.08878215,0.002209216,-0.02464087,0.02140559,0.1819321,0.0689863,0.0343973,-0.008737507,0.1224395,-0.01646133
0.06776327,-0.06807106,-0.3663133,-0.2097091,0.5196132,-0.6564924,0.05572684,-0.006437804,0.291767,-0.1242037,0.1318725,-0.1717126,0.08771517,-0.001851674,-0.02438149,0.0198727,0.1858436,0.06574595,0.03363473,-0.00493371,0.1172317,-0.01569372
0.06054595,-0.05273741,-0.3594655,-0.2203184,0.536854,-0.6677273,0.07630227,-0.00940925,0.2954207,-0.1272711,0.1260166,-0.1711489,0.08967771,-0.004449743,-0.02605467,0.01926309,0.1925821,0.07189346,0.02898772,-0.004099542,0.1206615,-0.01953821
0.05114612,-0.05018346,-0.3557435,-0.2249924,0.5485121,-0.6759372,0.08682572,-0.005746244,0.296575,-0.1249206,0.1195943,-0.1601617,0.08865068,-0.004996181,-0.02135077,0.0210962,0.1927472,0.06750491,0.02791938,-0.009424071,0.126802,-0.01851221
0.0219831,-0.0646488,-0.3808477,-0.2270056,0.5276574,-0.656539,0.07224651,-0.0004007413,0.2958041,-0.1342331,0.1379909,-0.1692199,0.0958908,-0.006169301,-0.02175151,0.02239645,0.2004388,0.06708349,0.03017851,-0.002985963,0.1238666,-0.02227537
8.559724e-05,-0.06604411,-0.3841728,-0.2354857,0.537802,-0.6713267,0.0759785,0.009361214,0.2991513,-0.1347041,0.151765,-0.1823273,0.1006175,0.0002881503,-0.0234467,0.02561889,0.2050642,0.07002842,0.03207277,0.001207869,0.1200041,-0.02531131
-0.02238863,-0.06156854,-0.3852861,-0.2494288,0.5420827,-0.6792989,0.072326,0.004774552,0.3026746,-0.1215063,0.1570123,-0.1993446,0.1029576,0.001091314,-0.02543986,0.02510965,0.2056812,0.07220157,0.03387516,0.002664006,0.1113166,-0.02368852
-0.04361339,-0.07208925,-0.3961976,-0.2466721,0.5412251,-0.6820132,0.05161883,0.01341744,0.3010499,-0.119382,0.1629678,-0.2055068,0.1030454,0.005127931,-0.02654915,0.02578872,0.2031981,0.06653798,0.04368578,0.004263023,0.1022604,-0.02006552
-0.06146089,-0.06667648,-0.3957283,-0.2488991,0.5420732,-0.6878948,0.04333027,0.01628873,0.306959,-0.1159418,0.1697892,-0.2130663,0.1043871,0.008198961,-0.02676474,0.02490813,0.2040956,0.06751836,0.04229715,0.004791299,0.09926379,-0.01971504
-0.06830511,-0.06629661,-0.3902258,-0.2551904,0.5547484,-0.70271,0.03998262,0.01530997,0.302874,-0.1138019,0.1731936,-0.2129855,0.1024996,0.01258219,-0.02379284,0.02250013,0.2015676,0.06604794,0.04541768,0.003471517,0.09901205,-0.01971152
-0.09130528,-0.07255897,-0.3978828,-0.2463387,0.545241,-0.6901064,0.03707448,0.02188328,0.3052324,-0.1219151,0.176761,-0.2085261,0.0993425,0.009902696,-0.02251249,0.02548296,0.2092554,0.0668779,0.04551797,0.004193223,0.09954268,-0.02905424
-0.1180154,-0.0717554,-0.393106,-0.2369456,0.5459234,-0.6880035,0.03649387,0.01761696,0.2999271,-0.1235547,0.1787919,-0.2047261,0.09604285,0.01061254,-0.01743945,0.02242894,0.2086899,0.06097214,0.04659076,-0.000123656,0.1024742,-0.03471274
-0.132188,-0.06566296,-0.3855604,-0.2286827,0.5493457,-0.6903019,0.03722764,0.01600751,0.2930695,-0.1232999,0.1739759,-0.2023757,0.09588202,0.008648078,-0.01305703,0.02288698,0.2091831,0.06620496,0.05094653,0.003454722,0.09706262,-0.04150373
-0.1171476,-0.07214308,-0.3661107,-0.235224,0.5456492,-0.7034986,0.05566297,0.03362337,0.3072702,-0.09709791,0.1706744,-0.2089302,0.09088076,0.001700263,-0.003969719,0.01596839,0.2017283,0.07024964,0.04497578,-0.001747285,0.09005878,-0.03620976
-0.1330951,-0.06825698,-0.3663546,-0.2315842,0.5454705,-0.7031276,0.05227389,0.03353061,0.3013673,-0.09496317,0.1697188,-0.2032143,0.0904882,-0.001032579,-0.001590235,0.01626196,0.1990877,0.0739196,0.04186776,0.001170862,0.08556248,-0.04218851
-0.1568005,-0.06435684,-0.3606674,-0.2305132,0.5392897,-0.6976913,0.06487431,0.02850888,0.2996323,-0.1056973,0.1752365,-0.1996799,0.09692722,-0.008092149,0.005051441,0.01566722,0.2091099,0.0682776,0.03776604,-0.0005322931,0.09545826,-0.04987241
-0.1883974,-0.06249198,-0.370229,-0.2089135,0.5231456,-0.6858748,0.05124441,0.02194859,0.2882068,-0.1097188,0.1737527,-0.1964432,0.09412575,-0.01019632,0.005923738,0.01516085,0.2056258,0.06933149,0.03704367,0.00139817,0.09435609,-0.05272835
-0.180876,-0.07193202,-0.3447685,-0.2229724,0.5117883,-0.6976077,0.06344809,0.04294902,0.296345,-0.08208563,0.1808422,-0.2060076,0.08903074,-0.02735045,0.0134007,0.006867184,0.199044,0.06351212,0.03119993,-0.003995936,0.09135865,-0.04809371
-0.19486,-0.08717618,-0.3470157,-0.2116904,0.5088671,-0.6874375,0.05938714,0.03411679,0.276988,-0.09387764,0.1920753,-0.2029266,0.09506309,-0.02044354,0.01425913,0.01079015,0.2059491,0.06459992,0.02874774,-0.00255762,0.09381294,-0.05225093
-0.2119705,-0.09460457,-0.341351,-0.2128826,0.5247725,-0.6857054,0.06441817,0.03773548,0.2768348,-0.08936712,0.188094,-0.200005,0.09353975,-0.02166124,0.01745761,0.01308189,0.205372,0.06542539,0.0297476,-0.001475975,0.093333,-0.05376536
-0.2323147,-0.08019237,-0.340904,-0.1970805,0.5173567,-0.6841753,0.06247002,0.03967737,0.2758701,-0.09155372,0.1801308,-0.1943541,0.0885596,-0.02351632,0.01900865,0.0190181,0.2062038,0.05888309,0.02784213,-0.005686566,0.09649686,-0.05458903
-0.2448416,-0.06335646,-0.3292908,-0.1919122,0.5074884,-0.6838844,0.07015908,0.0458281,0.2869121,-0.08045687,0.1702593,-0.1882844,0.08709923,-0.02841283,0.02307355,0.02000031,0.2057298,0.06310136,0.0233581,-0.007829569,0.09413796,-0.05736045
-0.2511277,-0.07150378,-0.3120505,-0.1930162,0.4967761,-0.6900312,0.0726488,0.05747349,0.2872927,-0.06518596,0.1733956,-0.1899542,0.08527618,-0.03664376,0.02648247,0.01877877,0.1988981,0.0581517,0.01833334,-0.00797966,0.08667034,-0.05634682
-0.2636732,-0.05784326,-0.3027464,-0.1832348,0.5051287,-0.6924724,0.0750365,0.06166534,0.2886835,-0.06096165,0.1601583,-0.1849976,0.07926225,-0.03958083,0.0320276,0.02402899,0.198643,0.05570636,0.01754166,-0.00535744,0.08786768,-0.05910435
-0.273019,-0.03663411,-0.2831938,-0.1918378,0.5345266,-0.7030228,0.07551027,0.06215188,0.2779066,-0.04747403,0.1527971,-0.1748754,0.07780937,-0.04065857,0.03147334,0.02767229,0.1972688,0.05424835,0.01940272,-0.004696994,0.08827936,-0.06584849
-0.2960608,-0.02625312,-0.2823874,-0.1828677,0.5439814,-0.6999877,0.07201997,0.04858838,0.2681147,-0.04918113,0.1450553,-0.1718741,0.07231122,-0.0379795,0.04109422,0.03057132,0.2008022,0.04797646,0.02184485,-0.004789292,0.09096728,-0.06882922
-0.269109,-0.03384181,-0.2741866,-0.2003728,0.5513329,-0.7212179,0.08323681,0.05939955,0.2627416,-0.02958191,0.1518941,-0.1762642,0.06712655,-0.04315143,0.03870327,0.02682541,0.1894526,0.04789677,0.009814237,-0.008536589,0.08471168,-0.05549021
-0.2902395,-0.0197809,-0.2688043,-0.1884082,0.5341402,-0.7119816,0.07819553,0.05318106,0.2564946,-0.022156,0.1473818,-0.1735982,0.0623753,-0.04735268,0.04392642,0.03171153,0.1918517,0.04454281,0.002645773,-0.01029797,0.08691248,-0.06030292
-0.3042384,-0.04227385,-0.2830811,-0.1653413,0.5101249,-0.6978674,0.06671036,0.04824848,0.2490288,-0.03326812,0.1464949,-0.1721434,0.06330863,-0.05016125,0.04525155,0.02523564,0.1897802,0.05278641,0.006992798,-0.0005252641,0.07300758,-0.06405113
-0.3192288,-0.06465711,-0.3151262,-0.1567837,0.4754788,-0.6780613,0.06856853,0.05623497,0.2661506,-0.02889035,0.1523439,-0.1800013,0.06298951,-0.06702009,0.04603386,0.01973899,0.1857214,0.0569908,0.003205236,0.001670383,0.06634825,-0.07061294
-0.3192993,-0.06102346,-0.2827571,-0.1890053,0.5050734,-0.6968501,0.09295409,0.05858113,0.2748997,-0.03165853,0.1523802,-0.1801494,0.0712815,-0.06929199,0.04684385,0.01816367,0.1890301,0.06853297,0.01592587,0.001406173,0.07279272,-0.08299576
-0.3182853,-0.06266025,-0.2841137,-0.1904678,0.5103477,-0.7026501,0.089566,0.05178183,0.2638091,-0.03296778,0.1537268,-0.1788198,0.06557467,-0.06876267,0.048731,0.009865902,0.1857311,0.0742838,0.01856188,0.004163694,0.06905146,-0.08509418
-0.3191695,-0.08877829,-0.2920792,-0.1863933,0.4822613,-0.6833847,0.09183719,0.05470759,0.2660277,-0.03407913,0.1588949,-0.1797635,0.06516135,-0.0685546,0.05247781,0.008831571,0.1834262,0.07033008,0.01942627,0.002558586,0.06867024,-0.08366815
-0.3170061,-0.09504227,-0.2874641,-0.1889187,0.4874071,-0.6882754,0.09793828,0.06035084,0.2681214,-0.03030848,0.1623245,-0.1835835,0.0635877,-0.07080497,0.05561124,0.007055756,0.1827535,0.07254682,0.01901247,0.003025106,0.06638961,-0.08494973
-0.2878602,-0.1241119,-0.2781892,-0.2300588,0.5302933,-0.722533,0.1244152,0.05146419,0.2430028,-0.0132723,0.186981,-0.1859294,0.06124671,-0.06781553,0.05391591,0.006012171,0.1641275,0.06875435,0.004994253,-0.003328632,0.07217855,-0.07731554
-0.3003793,-0.1256598,-0.2735639,-0.2286115,0.5138388,-0.7085564,0.1209723,0.04164341,0.2343888,-0.01699416,0.195766,-0.1822018,0.07139764,-0.06946807,0.05305443,0.004062787,0.1683775,0.0754492,0.00329601,-0.004762715,0.07390376,-0.08586898
-0.3058815,-0.1235736,-0.2774474,-0.2214666,0.4927862,-0.7074038,0.121667,0.03624505,0.2309039,-0.02172841,0.1901331,-0.179948,0.07273208,-0.07314145,0.05531937,-0.000661791,0.167662,0.08274484,0.009236886,-0.002038745,0.07330772,-0.09172734
-0.3280484,-0.1455484,-0.3045828,-0.1901854,0.4452424,-0.679177,0.1182523,0.03645134,0.2495532,-0.01948748,0.1781215,-0.180967,0.0648464,-0.07743492,0.06276505,-0.004373726,0.1610187,0.0770127,0.01551582,-0.0006889189,0.07029548,-0.09039998
-0.3164465,-0.1225783,-0.2752297,-0.2143373,0.4967134,-0.721013,0.1433058,0.02554696,0.2411637,-0.0133611,0.1742908,-0.1754039,0.06243082,-0.07100447,0.06710049,-0.002946854,0.1627917,0.07754723,0.01334307,-0.004748743,0.07828691,-0.09155226
-0.3319162,-0.1122844,-0.2635278,-0.214529,0.4965094,-0.7172625,0.1490085,0.02306724,0.2424406,-0.01764582,0.1654761,-0.1711826,0.0644566,-0.07474905,0.07419565,-0.001526323,0.167214,0.08045135,0.02208538,-0.005140887,0.08251664,-0.09970345
-0.3385095,-0.1251774,-0.266269,-0.205921,0.4712743,-0.6975464,0.1536777,0.01895099,0.2408116,-0.02770436,0.1694547,-0.1660893,0.06962092,-0.08172263,0.07560267,-0.004194133,0.1727272,0.08127577,0.01953359,-0.005104357,0.08504929,-0.1015781
-0.3305258,-0.1236821,-0.2626544,-0.2130304,0.474622,-0.7079542,0.1778304,0.01923767,0.2469763,-0.01435402,0.1573342,-0.1602392,0.06527324,-0.09364871,0.07404117,0.003004088,0.1691544,0.08488407,0.01928549,-0.007020269,0.0820608,-0.09656104
-0.3276552,-0.1283721,-0.2642918,-0.2256104,0.4751121,-0.7100517,0.1846685,0.0256398,0.2393989,-0.0006941706,0.1610981,-0.160338,0.05884576,-0.1057318,0.07718229,0.005109714,0.1664703,0.08478087,0.0153223,-0.0082707,0.07445984,-0.097072
-0.333545,-0.1148489,-0.2526396,-0.2320967,0.4764294,-0.7064349,0.1980656,0.03977871,0.2552157,0.0231278,0.1430715,-0.1622849,0.05740353,-0.1159594,0.07715368,0.008944866,0.1646918,0.08021725,0.01244238,-0.00553483,0.0683633,-0.09657691
-0.3570819,-0.07639405,-0.2537361,-0.2161071,0.4531036,-0.696148,0.1935441,0.03836661,0.2606934,0.008173026,0.1147486,-0.1447894,0.06078374,-0.1200359,0.07718988,0.01553339,0.1758766,0.08742917,0.004368219,0.001233385,0.0652516,-0.1076716
-0.3790132,-0.01678877,-0.2178067,-0.2249017,0.4769875,-0.7157146,0.1836729,0.0351289,0.2526706,0.0296336,0.0809845,-0.1219552,0.0579339,-0.1313071,0.07875555,0.02464371,0.1671597,0.08951559,0.01174674,-0.0002484688,0.06384755,-0.1169905
-0.4021813,-0.0766895,-0.2801554,-0.1810834,0.4132998,-0.6631953,0.1824329,0.02146158,0.2403669,0.01990013,0.09593294,-0.1206365,0.05445613,-0.1326739,0.08570287,0.02530682,0.1791246,0.080524,-0.0001263016,0.009564511,0.05755672,-0.1165595
-0.4172721,-0.0680955,-0.2902942,-0.1814195,0.4085506,-0.6576136,0.1823512,0.02430492,0.243678,0.02736954,0.08477833,-0.1168995,0.05012197,-0.1404222,0.08702925,0.02397812,0.1793483,0.08415869,-0.003684141,0.0150038,0.05707796,-0.1192432
-0.4291638,-0.06196513,-0.2947228,-0.1569927,0.3788476,-0.6467277,0.1874133,0.03507503,0.2739426,0.0437887,0.06117526,-0.1085602,0.04495676,-0.1542817,0.09718046,0.02753508,0.1826213,0.08761344,0.002642318,0.01493622,0.0543316,-0.126656
-0.4381339,-0.01984274,-0.2819753,-0.160884,0.38234,-0.648131,0.1926116,0.02654823,0.2560697,0.0439992,0.04771815,-0.1032271,0.04600761,-0.1593853,0.1058785,0.03080308,0.1899128,0.09252033,-0.004937259,0.01898969,0.05325272,-0.1298998
-0.4556273,-0.05066648,-0.3247848,-0.1313747,0.3038449,-0.6103745,0.1973723,0.0273724,0.2694806,0.04966866,0.0526645,-0.1054746,0.04890585,-0.18546,0.1092516,0.03976369,0.1915971,0.0886035,-0.01792604,0.02535587,0.04191444,-0.1309967
-0.4761589,-0.03890111,-0.3353301,-0.1277194,0.2873947,-0.591171,0.1885782,0.004862858,0.2411349,0.04959467,0.05371064,-0.09823122,0.05489489,-0.184078,0.1131099,0.04276259,0.1914152,0.07633257,-0.02814725,0.02686736,0.04744978,-0.133801
