-0.1428776,-0.2474616,-0.4955339,-0.07820258,-0.1063692,-0.2708489,-0.2289187,0.04737972,0.2924541,-0.1923647,0.2780623,-0.05354673,0.009063856,-0.01517717,0.04560003,-0.004791199,0.1889791,0.03991977,-0.2399365,-0.08595121,-0.001769083,0.1093964
-0.1494271,-0.2589565,-0.505156,-0.07790039,-0.1061289,-0.2695207,-0.2288486,0.04551597,0.2797942,-0.1880357,0.2861722,-0.05028654,0.008066821,-0.008982108,0.04306349,-0.005448395,0.1869777,0.03434714,-0.2440184,-0.08905444,0.001649186,0.1091875
-0.1494209,-0.2627123,-0.5108455,-0.07571693,-0.1095691,-0.2713167,-0.2188747,0.04589633,0.276656,-0.1788257,0.2802642,-0.05124116,0.005489622,-0.01190089,0.04110724,-0.004759029,0.1857012,0.03337514,-0.2450127,-0.08894169,0.002367557,0.1095993
-0.1574308,-0.270679,-0.515196,-0.07789295,-0.1130893,-0.2645293,-0.2117189,0.04866449,0.2688941,-0.1704359,0.2810876,-0.04653448,0.003724935,-0.00927674,0.03920532,-0.002596007,0.1857997,0.02605896,-0.2479382,-0.09340122,0.006318852,0.1118493
-0.1625948,-0.2734646,-0.5223644,-0.07615609,-0.1159157,-0.2599729,-0.221584,0.05582827,0.2584331,-0.1607487,0.2846559,-0.04259898,0.002217925,-0.005916575,0.03311836,-0.001282208,0.1805871,0.02216657,-0.2470866,-0.0952327,0.008655186,0.1082656
-0.1611509,-0.2874472,-0.5309396,-0.07456114,-0.1187946,-0.262964,-0.2107304,0.07084162,0.2628675,-0.1431862,0.2862913,-0.04617746,-0.001510411,-0.00537466,0.02901252,0.0003912871,0.1831802,0.01843116,-0.2471788,-0.09639099,0.01113374,0.1037848
-0.1681817,-0.2857297,-0.534532,-0.07410792,-0.119955,-0.2635268,-0.2089841,0.0819343,0.2554888,-0.1351987,0.2827096,-0.04394319,-0.002897522,-0.007272668,0.02461692,0.0006017312,0.1785278,0.01624848,-0.245082,-0.09726026,0.01540264,0.1013955
-0.1774405,-0.2920386,-0.5375341,-0.07963627,-0.1237422,-0.2719056,-0.1930615,0.06823923,0.2586701,-0.1489745,0.2848478,-0.04156623,-0.002298017,-0.003203428,0.03005174,-0.0004989666,0.1840784,0.01919498,-0.2539825,-0.09486857,0.0084163,0.1037554
-0.1831759,-0.2939774,-0.5414803,-0.08204133,-0.1240056,-0.2776508,-0.1859651,0.06367147,0.255147,-0.1508787,0.2848756,-0.03833617,-0.003803452,0.000503242,0.0286237,-0.0005129439,0.1827091,0.02004387,-0.2551165,-0.09358084,0.006661768,0.1057287
-0.1854656,-0.2944996,-0.5454034,-0.08292857,-0.1309779,-0.2682002,-0.1808865,0.07349525,0.2465117,-0.1383238,0.2786829,-0.03527847,-0.004718059,-0.002091151,0.0214456,0.002892048,0.1789273,0.01260358,-0.2567337,-0.09668472,0.01369093,0.1035568
-0.1890388,-0.2941813,-0.5477607,-0.08337655,-0.137084,-0.2657328,-0.1753777,0.07719084,0.242826,-0.1280427,0.2770167,-0.03112809,-0.006350482,-0.003324386,0.01724489,0.003985435,0.1798112,0.01055213,-0.2572734,-0.1004249,0.01554667,0.09960306
-0.19108,-0.2946699,-0.5492596,-0.08653875,-0.1373391,-0.2682751,-0.1697442,0.07475342,0.2382753,-0.12771,0.2737182,-0.02899418,-0.006714268,-0.0008864813,0.01544326,0.005663883,0.1783842,0.009123926,-0.2562632,-0.09785381,0.013729,0.09832725
-0.2052445,-0.2934599,-0.5555472,-0.08155873,-0.1418588,-0.2696881,-0.1681321,0.07522091,0.2295939,-0.1247677,0.2730885,-0.0250409,-0.006813855,-0.002772669,0.01051982,0.003515455,0.1806714,0.008361818,-0.2581167,-0.1006323,0.01710572,0.09835556
-0.210225,-0.2956642,-0.5584584,-0.08251455,-0.1357338,-0.2700258,-0.168304,0.08734777,0.2274497,-0.1233918,0.2683582,-0.01958903,-0.009353016,-0.0005359314,0.006560974,0.007051548,0.1752787,0.009724037,-0.2615121,-0.09986744,0.01820626,0.09663375
-0.2216026,-0.2974931,-0.5631489,-0.08633614,-0.1403867,-0.2695267,-0.1575892,0.08081012,0.2178889,-0.1210682,0.2684239,-0.01671758,-0.008216872,-0.0001205951,0.005954891,0.007772463,0.1762274,0.007033075,-0.260759,-0.1014684,0.02313029,0.09340195
-0.2318202,-0.3043628,-0.571632,-0.08876944,-0.1389695,-0.2694763,-0.1588097,0.08243249,0.209868,-0.1146096,0.2704694,-0.01463636,-0.01108427,0.003415643,-0.001376718,0.006297244,0.1743123,0.004948584,-0.2656387,-0.1025366,0.02295631,0.09089
-0.2374618,-0.3069017,-0.5725521,-0.09154284,-0.1368458,-0.2744888,-0.1509178,0.07968161,0.2032031,-0.1120377,0.2685199,-0.01307205,-0.01242553,0.005671046,-0.004448973,0.007122109,0.1718014,0.00506143,-0.2678435,-0.1018944,0.02218807,0.09275633
-0.2466411,-0.3168201,-0.5783207,-0.09328013,-0.1483065,-0.2721481,-0.1282112,0.0776844,0.2195856,-0.1135752,0.2646577,-0.01247958,-0.02001589,0.004465061,-0.0001455732,0.007955928,0.1776136,0.002991019,-0.2736212,-0.1052336,0.02229932,0.08876472
-0.2521197,-0.3198707,-0.5790382,-0.0984416,-0.1504138,-0.2731234,-0.120291,0.07517666,0.214972,-0.1107508,0.2647764,-0.01033683,-0.01955954,0.008385976,0.002171092,0.01193072,0.1777169,-0.002025682,-0.2730233,-0.1060706,0.02731234,0.0864524
-0.257511,-0.3264121,-0.5820336,-0.0991037,-0.1500903,-0.2734274,-0.113896,0.0776672,0.215027,-0.1078252,0.2611208,-0.008661854,-0.0241291,0.007844519,8.53166e-05,0.01190246,0.1753544,-0.001842319,-0.2746207,-0.1055258,0.02624149,0.0849529
-0.2703652,-0.3188503,-0.5850389,-0.1022432,-0.1544467,-0.2704118,-0.1097148,0.08119307,0.2052812,-0.09528905,0.2550745,-0.005064341,-0.02394469,0.003482528,-0.00746529,0.01475927,0.1725337,-0.006488101,-0.2722423,-0.1057427,0.02892394,0.07708823
-0.2772683,-0.3202916,-0.5874704,-0.103467,-0.157396,-0.2738506,-0.09934863,0.0783354,0.2050226,-0.09507767,0.251634,-0.003815226,-0.02660712,0.005318431,-0.006150546,0.01639078,0.1727916,-0.007056805,-0.2719282,-0.1049745,0.02870657,0.07654512
-0.2788611,-0.3296452,-0.5945562,-0.1039308,-0.1509842,-0.2716872,-0.102751,0.07977755,0.1927915,-0.08882647,0.2541725,-0.004137546,-0.02907108,0.007923871,-0.01360964,0.01354333,0.1638763,-0.006990161,-0.2730911,-0.103722,0.02546867,0.07517532
-0.2826346,-0.3335402,-0.5938292,-0.1047587,-0.1507049,-0.2698251,-0.09546769,0.0811771,0.1879195,-0.08574135,0.2520153,-0.001160219,-0.03201418,0.01142491,-0.01466333,0.01545629,0.1620738,-0.00976951,-0.275496,-0.1063404,0.02763642,0.07547401
-0.2881478,-0.3409242,-0.5860886,-0.1134606,-0.1459163,-0.2717163,-0.09757361,0.09071434,0.1825869,-0.07964586,0.2481917,0.002424913,-0.03609325,0.012181,-0.01785399,0.01566515,0.1624112,-0.01172008,-0.2756322,-0.1064238,0.03090101,0.07245263
-0.2910085,-0.3344651,-0.5771845,-0.116404,-0.1463411,-0.2628436,-0.09015094,0.1046919,0.2017402,-0.07047034,0.2398569,0.0006634842,-0.03689365,0.006842652,-0.01237507,0.0201373,0.1650525,-0.01450567,-0.2786553,-0.1091112,0.03297741,0.06710494
-0.2889185,-0.3595122,-0.5801032,-0.1222512,-0.1527045,-0.273016,-0.08262643,0.09947667,0.1744761,-0.08068909,0.2462287,0.0009722908,-0.04133534,0.007317672,-0.001686554,0.01686704,0.1670715,-0.01671692,-0.2775131,-0.1042442,0.02883162,0.0740116
-0.2979172,-0.3590684,-0.5763983,-0.1221041,-0.1560798,-0.2729097,-0.07907373,0.08896699,0.1651575,-0.08470475,0.245089,0.005923036,-0.04333847,0.01010526,-0.002744016,0.01686338,0.1711697,-0.01583737,-0.2786169,-0.1055441,0.03281106,0.07341178
-0.2970882,-0.3688011,-0.5772124,-0.1216908,-0.1537925,-0.2720332,-0.07242972,0.08867209,0.157819,-0.0751883,0.2420657,0.001814976,-0.04682798,0.008586267,-0.01037897,0.01164106,0.1675919,-0.009300256,-0.2757546,-0.1023198,0.02870459,0.07068622
-0.3005146,-0.391492,-0.5639246,-0.1304968,-0.1476841,-0.2748326,-0.06270217,0.0887911,0.1533845,-0.07463412,0.2465306,0.004135487,-0.04536002,0.009150472,-0.00371323,0.009113775,0.1745208,-0.006710181,-0.2815497,-0.1042447,0.03557332,0.07585239
-0.3067838,-0.3855565,-0.5577922,-0.1375543,-0.1454275,-0.2687694,-0.06085992,0.08834406,0.1474243,-0.05973964,0.239579,-0.001530585,-0.04451963,0.005557567,-0.006878532,0.001992914,0.1750209,-0.005853879,-0.2793491,-0.1006611,0.03055378,0.0718828
-0.3124481,-0.3942168,-0.5493435,-0.1428727,-0.1438659,-0.26893,-0.0586119,0.09217449,0.1453913,-0.05793775,0.2385813,0.0002018089,-0.04712076,0.008478899,-0.007144126,0.001512179,0.1765423,-0.005821276,-0.2815734,-0.09976523,0.03335579,0.0694967
-0.3206176,-0.4090761,-0.5460111,-0.1439162,-0.1484094,-0.2723411,-0.04655409,0.08447603,0.1417714,-0.06930037,0.2395918,-0.001075339,-0.05001963,0.007690069,0.0008604452,0.0006608001,0.1823441,-0.0009187267,-0.2855043,-0.0954658,0.0321844,0.07180802
-0.3237624,-0.4059198,-0.5411242,-0.1405135,-0.1479294,-0.2678019,-0.0377312,0.09500766,0.1584495,-0.05056427,0.223114,-0.001447972,-0.05515202,-0.002851594,0.006451823,0.0003150018,0.1841812,-0.005500452,-0.281619,-0.09406623,0.03132835,0.06747732
-0.322097,-0.4460604,-0.5375069,-0.1482375,-0.1470018,-0.2781616,-0.03454119,0.1076235,0.1458374,-0.03762224,0.214886,-0.007126649,-0.06462339,-0.00384228,0.0055923,-0.006915087,0.1809402,-0.001163815,-0.2693936,-0.08519191,0.02652282,0.07161763
-0.3354156,-0.4258991,-0.5359114,-0.1508902,-0.1541585,-0.2753164,-0.04277015,0.09940203,0.1320627,-0.04896479,0.2201179,0.0009176284,-0.06683428,-0.001089754,0.005719282,-0.002654538,0.184484,-0.004851405,-0.2712185,-0.08577553,0.03041359,0.06185826
-0.34472,-0.4241197,-0.528699,-0.1612332,-0.1554726,-0.2694424,-0.039576,0.09499834,0.1194803,-0.04306112,0.2231725,0.005174108,-0.06483897,0.001731877,0.002389955,-0.001306182,0.1889841,-0.006374103,-0.2773003,-0.08767746,0.03369812,0.06352996
-0.3494837,-0.4354451,-0.522643,-0.1684627,-0.1548848,-0.2684943,-0.03436064,0.09189171,0.1121998,-0.04916188,0.2259064,0.00504306,-0.06474757,-0.001932886,0.01109163,-0.007289635,0.1952101,-0.005451312,-0.2792538,-0.08411013,0.03296987,0.06267775
-0.3543244,-0.4419155,-0.5227072,-0.1712076,-0.1508269,-0.2618222,-0.02745254,0.08669227,0.1213282,-0.04070066,0.214756,0.005268361,-0.06759932,-0.002575201,0.003285992,-0.0143946,0.1936153,0.01137104,-0.2768878,-0.08025631,0.02567755,0.05998669
-0.355305,-0.4496095,-0.5205638,-0.1727707,-0.1487775,-0.2618759,-0.02397275,0.08661116,0.1187853,-0.03804332,0.2154383,0.005430868,-0.07001591,-0.003493714,0.004176954,-0.01612963,0.1939522,0.01323799,-0.2772436,-0.07915346,0.02436287,0.05971211
-0.3602612,-0.4515266,-0.5170914,-0.1758485,-0.1439032,-0.2619773,-0.02404003,0.08762842,0.1197909,-0.04135158,0.211976,0.01205137,-0.07092911,-0.008643464,0.009091322,-0.01457814,0.1981278,0.01282879,-0.2807641,-0.07716114,0.02768507,0.06035658
-0.3605646,-0.4543954,-0.5088659,-0.1816141,-0.1449326,-0.259503,-0.01352306,0.08936716,0.1289474,-0.04347128,0.2031638,0.0130824,-0.07402419,-0.01284644,0.01257534,-0.01447611,0.2043223,0.02249798,-0.2858578,-0.0707725,0.02292535,0.06217912
-0.3587324,-0.4497538,-0.5044466,-0.1804916,-0.1492768,-0.2545766,0.0092029,0.09111894,0.1585232,-0.0307903,0.185563,0.005535291,-0.07534676,-0.02042546,0.01996489,-0.01327382,0.2030648,0.02317574,-0.2843563,-0.06728073,0.01747265,0.05932577
-0.3625504,-0.4816232,-0.5089197,-0.1878618,-0.1495341,-0.2627647,0.005559867,0.09249768,0.1176991,-0.02794411,0.1982781,0.002456533,-0.08344424,-0.01257737,0.023372,-0.01751002,0.2040236,0.01450995,-0.2805396,-0.06265499,0.01911429,0.06547121
-0.3713386,-0.4767469,-0.5052331,-0.1949294,-0.1541838,-0.2582134,0.005787894,0.08300305,0.1038016,-0.037399,0.2036734,0.005863219,-0.08353157,-0.004054292,0.01834307,-0.01674725,0.2079411,0.02416581,-0.2858001,-0.06269582,0.01715386,0.06337329
-0.3732789,-0.4846173,-0.5016876,-0.207142,-0.1522389,-0.2533369,0.004538586,0.07833565,0.09549719,-0.02911145,0.2004927,-0.002656527,-0.08504022,-0.003491649,0.01320998,-0.02364214,0.2101275,0.04436605,-0.2813715,-0.05367541,0.007484507,0.05673914
-0.3804984,-0.4864534,-0.492032,-0.2055247,-0.1504807,-0.2564203,0.008534167,0.07718944,0.1017517,-0.03388401,0.1923286,0.007497972,-0.08905053,-0.008727718,0.01574923,-0.02604535,0.2189197,0.04906877,-0.2861585,-0.05254813,0.0123579,0.0593998
-0.3848865,-0.4872598,-0.4878868,-0.2073964,-0.149841,-0.2519931,0.01597049,0.06870059,0.09938285,-0.0247261,0.1862466,0.00984563,-0.08981144,-0.01564358,0.01880411,-0.02123407,0.218788,0.04595787,-0.2813011,-0.05294892,0.01603542,0.05534968
-0.3844733,-0.4985245,-0.4942959,-0.2111806,-0.1387308,-0.2537858,0.007072909,0.07048509,0.09276132,-0.02346932,0.1972105,-0.001604536,-0.0941782,-0.01157635,0.02325029,-0.02910914,0.2156093,0.05226125,-0.2799442,-0.04839738,0.004577831,0.05655984
-0.3813935,-0.5177235,-0.5028463,-0.2097652,-0.121699,-0.2517042,0.003239312,0.07236635,0.1046468,-0.02223538,0.1948286,-0.01852902,-0.1017844,-0.01774454,0.01847916,-0.03600083,0.2098346,0.07532798,-0.2619617,-0.03719173,-0.01259744,0.05074456
-0.3771521,-0.5416661,-0.5090988,-0.2088196,-0.1079195,-0.2598309,0.006610258,0.07312703,0.1188721,-0.007886813,0.1899267,-0.02727976,-0.1044194,-0.02753925,0.02293885,-0.04161674,0.2047918,0.07945962,-0.2518116,-0.02961536,-0.02402364,0.0561613
-0.3739929,-0.5565429,-0.5179342,-0.2138055,-0.09695909,-0.2612024,-0.002752754,0.07422484,0.1219255,-0.0005790251,0.1979534,-0.04070402,-0.1076374,-0.02743222,0.02498908,-0.04553393,0.1955966,0.09028695,-0.2396576,-0.02237309,-0.03758201,0.05279308
-0.3741385,-0.5773214,-0.5227835,-0.2126228,-0.07980844,-0.2682221,-0.003930322,0.0706284,0.1198442,0.001322071,0.1987596,-0.05078249,-0.1147691,-0.02904498,0.03242138,-0.0506869,0.1913889,0.10252,-0.2231363,-0.01514728,-0.04559613,0.05419942
-0.3480707,-0.6101427,-0.5185738,-0.2228963,-0.05893178,-0.2854038,-0.002478122,0.07361164,0.1168506,0.02438728,0.2040377,-0.07307833,-0.1124529,-0.02778523,0.03383594,-0.05310517,0.1713448,0.09310029,-0.2108029,-0.005679478,-0.05283685,0.06050701
-0.3395869,-0.6427517,-0.5322116,-0.2300995,-0.0337075,-0.2924364,-0.001877074,0.07839378,0.1109902,0.0300556,0.2151114,-0.08364724,-0.1186686,-0.03609326,0.03402609,-0.05180918,0.1572304,0.09404162,-0.1952326,0.001837441,-0.05616415,0.05677642
-0.346642,-0.6398457,-0.5388404,-0.2248744,-0.02205074,-0.286511,-0.005725831,0.07387862,0.122922,0.04658767,0.2097452,-0.09282546,-0.1224537,-0.03682468,0.03545765,-0.06159213,0.1454915,0.09355675,-0.1767423,-0.001231225,-0.05770811,0.05102852
-0.337741,-0.6694314,-0.5356947,-0.2423842,0.01517153,-0.3042779,0.002666856,0.05980233,0.1086519,0.04175349,0.2300921,-0.1048029,-0.1243851,-0.03434857,0.03594105,-0.06400236,0.1320614,0.0975363,-0.1639204,0.00284908,-0.06038277,0.04637747
-0.3292041,-0.6867316,-0.5458159,-0.2405614,0.02692928,-0.2972171,-0.009023167,0.06519528,0.1066091,0.05978275,0.2328283,-0.1132145,-0.1335075,-0.03457111,0.03234827,-0.06597373,0.120979,0.09744855,-0.1466801,0.003853303,-0.06712797,0.04265679
-0.3306497,-0.7051966,-0.5545087,-0.2429509,0.04000981,-0.3029251,-0.01723975,0.06569498,0.08812577,0.07163399,0.2427764,-0.1178292,-0.1347308,-0.03436347,0.03152143,-0.06999976,0.111119,0.08895107,-0.1441735,0.008742203,-0.07035074,0.04338649
-0.3143549,-0.7076535,-0.5443075,-0.2488101,0.07135723,-0.3199814,-0.01412629,0.05831342,0.08979119,0.07529651,0.2488193,-0.1288637,-0.1351891,-0.03247203,0.03115935,-0.0728377,0.09343632,0.08949178,-0.1315718,0.005490946,-0.07678454,0.03800554
-0.3121455,-0.7321077,-0.5602797,-0.2335623,0.06815995,-0.305995,-0.03608116,0.06679469,0.08205861,0.08890301,0.2554354,-0.128755,-0.1418678,-0.02791377,0.02185356,-0.08010714,0.08625895,0.08559418,-0.1208124,0.005152972,-0.07234942,0.0362911
-0.3115603,-0.7229338,-0.5513215,-0.2273057,0.08645436,-0.3145231,-0.03734343,0.06050869,0.09566023,0.08489493,0.2540824,-0.1314951,-0.1449304,-0.03016195,0.02389316,-0.08826906,0.08144683,0.09508377,-0.1117932,0.0007253382,-0.07612249,0.03249845
-0.3191408,-0.7221435,-0.5488535,-0.2356672,0.1126565,-0.3235375,-0.03359013,0.05427459,0.0980939,0.09107346,0.258755,-0.1363716,-0.1523538,-0.0275348,0.02735169,-0.08915523,0.07150307,0.09217533,-0.1100794,-0.003665394,-0.07193833,0.03116341
-0.3142392,-0.729036,-0.5460014,-0.2327643,0.1218686,-0.3233191,-0.0454264,0.06243133,0.1054902,0.0978374,0.2607571,-0.1335485,-0.159265,-0.02879608,0.02431221,-0.09447941,0.06788272,0.09126558,-0.1053544,-0.009308809,-0.07312631,0.02885143
-0.3191448,-0.7151487,-0.5370705,-0.2275998,0.1512874,-0.3405033,-0.05040875,0.06713184,0.1184138,0.09592883,0.251779,-0.1275665,-0.1690511,-0.03347991,0.0232468,-0.1031508,0.06052319,0.1021362,-0.1104374,-0.0109309,-0.08993981,0.03039424
-0.319372,-0.7108706,-0.5339206,-0.2260544,0.1484678,-0.3320043,-0.07450936,0.07627551,0.109675,0.1057661,0.2497939,-0.1249691,-0.1730788,-0.03775755,0.01894287,-0.1068585,0.05710709,0.09499338,-0.1008401,-0.01311395,-0.08679834,0.01883017
-0.3194688,-0.7017212,-0.521605,-0.2352692,0.184673,-0.3505806,-0.07015695,0.07773465,0.1078951,0.1090489,0.2439974,-0.1260017,-0.1789532,-0.03949039,0.01804523,-0.1101702,0.0449024,0.0961442,-0.0888234,-0.01533408,-0.08563226,0.01394018
-0.3209229,-0.6960987,-0.5391052,-0.2129185,0.1786778,-0.3431513,-0.0869956,0.09201011,0.1140461,0.1134294,0.2388328,-0.123096,-0.1870078,-0.0454944,0.01876181,-0.1157924,0.04084934,0.09532508,-0.08295091,-0.015791,-0.09096942,0.0118587
-0.3395413,-0.6687515,-0.5295069,-0.1982083,0.1631937,-0.3341553,-0.108195,0.1004087,0.1298507,0.1255127,0.2145441,-0.1132565,-0.1913139,-0.05118872,0.01469424,-0.1191884,0.04588793,0.09491185,-0.07711256,-0.01639701,-0.09231368,0.0006357754
-0.3355839,-0.6447997,-0.5127252,-0.1958256,0.1939699,-0.3485467,-0.1131296,0.1020216,0.1181189,0.1195168,0.2111762,-0.114138,-0.1960962,-0.05150587,0.01510912,-0.1205379,0.03905586,0.1037944,-0.06876492,-0.01929274,-0.09444802,-0.004439827
-0.3458883,-0.5912941,-0.4855213,-0.2050097,0.22816,-0.3711528,-0.1036123,0.1072807,0.149338,0.1232875,0.1831494,-0.1132691,-0.2042571,-0.04701972,0.02349419,-0.1199898,0.0342088,0.109655,-0.07037852,-0.0205909,-0.1040371,-0.01170392
-0.3532888,-0.5885414,-0.4976729,-0.1902918,0.1955981,-0.3454339,-0.1318989,0.1205805,0.1319807,0.1253397,0.1839312,-0.1122797,-0.2020257,-0.05485826,0.02601153,-0.1173661,0.03598321,0.1069246,-0.0693149,-0.01939808,-0.0995971,-0.02522837
-0.352993,-0.5544059,-0.4656961,-0.1971194,0.2361305,-0.3778087,-0.1250581,0.1202324,0.1248639,0.1283653,0.1719693,-0.1083623,-0.208617,-0.04895595,0.02839719,-0.1154528,0.02967231,0.1074289,-0.06898928,-0.0243476,-0.09636555,-0.02110533
-0.3480728,-0.5480029,-0.459457,-0.1971152,0.2503078,-0.3868668,-0.1227645,0.1250243,0.1260612,0.1293186,0.1636907,-0.1043046,-0.2083392,-0.05154389,0.02171972,-0.1195416,0.02768474,0.1038078,-0.06796398,-0.02063449,-0.09890833,-0.01577035
-0.3443072,-0.5792618,-0.478145,-0.1867744,0.2210931,-0.3621007,-0.1290749,0.1261011,0.1237168,0.1239782,0.1711571,-0.1016768,-0.2062934,-0.0557576,0.01860936,-0.1239754,0.03395864,0.1029303,-0.07112501,-0.01876399,-0.09976443,-0.0109843
-0.3425108,-0.5818697,-0.4688408,-0.1883466,0.2274919,-0.3652985,-0.120245,0.1290958,0.1419619,0.124242,0.1687963,-0.1000912,-0.2088516,-0.05383554,0.02226271,-0.1283993,0.03528127,0.1058612,-0.07480828,-0.02503505,-0.09998383,-0.002548279
-0.340019,-0.579495,-0.4628336,-0.1890992,0.2294205,-0.3667976,-0.1235714,0.1334472,0.137163,0.1231669,0.169137,-0.09739876,-0.2083915,-0.05276027,0.02154487,-0.1298406,0.03641938,0.1044021,-0.0763725,-0.02574127,-0.09715199,-0.001043558
-0.3387202,-0.5833272,-0.4551586,-0.1868104,0.2174739,-0.3607911,-0.1444872,0.1457739,0.1296521,0.128506,0.1731089,-0.09854093,-0.2067097,-0.05343198,0.01980116,-0.1326078,0.03850665,0.1010751,-0.07968417,-0.02406882,-0.09530458,-0.002871621
-0.3452932,-0.6009893,-0.4528343,-0.1910815,0.2232394,-0.3701007,-0.157226,0.1360379,0.09641851,0.1146906,0.1868281,-0.09124275,-0.2105777,-0.04870521,0.01493078,-0.1339076,0.04065411,0.1005909,-0.08459114,-0.02091015,-0.08999098,4.104028e-06
-0.3326678,-0.600759,-0.4473573,-0.2018918,0.2355645,-0.3790655,-0.1524115,0.1395881,0.07972446,0.1135562,0.1936448,-0.09777717,-0.2108302,-0.0425255,0.01914339,-0.1327628,0.0361388,0.09565487,-0.0868348,-0.02317116,-0.08748449,0.005990023
-0.3342157,-0.5811689,-0.4339751,-0.1986548,0.2546056,-0.3888325,-0.1547913,0.1395381,0.07261636,0.110627,0.190536,-0.09723661,-0.213016,-0.03819574,0.02012693,-0.1336715,0.03536069,0.09964941,-0.09079263,-0.02649265,-0.08900956,0.01160573
-0.3383008,-0.5753522,-0.4248398,-0.1996727,0.2512812,-0.3896619,-0.1617645,0.1363875,0.06426337,0.1093534,0.1904029,-0.09700342,-0.2154911,-0.03495307,0.0201057,-0.1364521,0.03843984,0.101504,-0.09294567,-0.0266703,-0.0896687,0.01393064
-0.3338825,-0.5739563,-0.4173605,-0.2025377,0.2533283,-0.3884901,-0.1638801,0.1366979,0.05829517,0.1091047,0.1887062,-0.09696978,-0.214739,-0.03309375,0.01936517,-0.136754,0.03941782,0.1011169,-0.09537264,-0.02580418,-0.0894711,0.01742624
-0.3320507,-0.5739946,-0.4128913,-0.2034616,0.2525155,-0.3906353,-0.1665902,0.1418345,0.05911443,0.1088848,0.1887612,-0.09756725,-0.2188678,-0.03080314,0.02053929,-0.1401145,0.04093326,0.1061637,-0.09935793,-0.02870749,-0.08903051,0.02166264
-0.3359381,-0.5597972,-0.4066958,-0.2007573,0.2554978,-0.3857974,-0.1727907,0.1420408,0.06372133,0.1107889,0.1808924,-0.09401069,-0.218777,-0.03369851,0.02108892,-0.1398191,0.04202016,0.1102318,-0.1014425,-0.02535635,-0.09344017,0.01769374
-0.3374194,-0.5595539,-0.3988859,-0.1942229,0.2429952,-0.3756159,-0.1852646,0.1522849,0.0631218,0.1152823,0.1809254,-0.09270573,-0.2193142,-0.03644127,0.01796314,-0.1416402,0.04910442,0.1105896,-0.1073284,-0.02779765,-0.09496728,0.01738788
-0.3442821,-0.5476503,-0.3881719,-0.1932721,0.240621,-0.3752799,-0.1895928,0.1534705,0.0628539,0.1202204,0.1718997,-0.08963758,-0.2238014,-0.03603311,0.01653592,-0.1440013,0.05343406,0.1132087,-0.1073407,-0.02999337,-0.09318367,0.0187216
-0.345677,-0.529241,-0.3674866,-0.2006509,0.2619658,-0.3936795,-0.1817003,0.1567053,0.0702761,0.1214151,0.1605691,-0.08537202,-0.2314913,-0.03294614,0.01492027,-0.1444159,0.05044387,0.1182154,-0.1059698,-0.03327897,-0.09092253,0.02225835
-0.3377379,-0.5104733,-0.352961,-0.2068147,0.284115,-0.4108844,-0.1793851,0.1605169,0.07075015,0.1201719,0.1529727,-0.0831509,-0.2308139,-0.03309393,0.01818926,-0.1438731,0.04488963,0.1206596,-0.1101429,-0.03205238,-0.09463739,0.02334106
-0.3265755,-0.4935644,-0.3342168,-0.212466,0.2867551,-0.4144297,-0.1678938,0.1776998,0.09303105,0.1362354,0.1326665,-0.08492792,-0.2307155,-0.0335428,0.02164228,-0.1428224,0.03890182,0.1185269,-0.1064677,-0.03276565,-0.09545207,0.01986746
-0.3261203,-0.4849535,-0.3243707,-0.2151691,0.2861419,-0.41271,-0.1668173,0.183082,0.09945022,0.1357367,0.1212865,-0.08264294,-0.232782,-0.03303336,0.02342404,-0.1410855,0.0383765,0.1199111,-0.1055475,-0.03269878,-0.09729991,0.01991445
-0.3421142,-0.499097,-0.3413662,-0.2027088,0.2507205,-0.3749464,-0.195443,0.1870941,0.08225299,0.1241742,0.1262507,-0.07611837,-0.2321435,-0.03949499,0.02343438,-0.1458378,0.04478617,0.125305,-0.1032059,-0.02849245,-0.09749523,0.0109397
-0.3434705,-0.4880246,-0.3286985,-0.2118234,0.2445392,-0.3753448,-0.1966522,0.1900869,0.07800219,0.1236558,0.1151982,-0.0666848,-0.2310474,-0.04235091,0.01515699,-0.1447892,0.05066188,0.1244951,-0.1030407,-0.02412268,-0.09511963,0.005019411
-0.3417388,-0.4796877,-0.3181385,-0.212348,0.2470179,-0.3803838,-0.1917687,0.1909525,0.07949515,0.1240645,0.1015103,-0.06093207,-0.2322593,-0.04566556,0.01423969,-0.1451872,0.05040337,0.1262141,-0.09598925,-0.02205323,-0.09281155,0.002824469
-0.3429744,-0.4644679,-0.2938142,-0.2290036,0.2720895,-0.3903262,-0.207039,0.1957235,0.06182225,0.1209008,0.1000507,-0.05374345,-0.2405785,-0.03912157,0.006003037,-0.1489381,0.0501582,0.1312447,-0.0942435,-0.02220266,-0.09382152,-0.001151462
-0.346579,-0.4517572,-0.2890967,-0.2277505,0.2698937,-0.3872936,-0.212069,0.1945345,0.05117934,0.1190298,0.09695961,-0.04873262,-0.2383295,-0.03774928,0.006764504,-0.1461491,0.05087342,0.1313103,-0.09827378,-0.01960862,-0.09473661,-0.005460175
-0.3411716,-0.465705,-0.3123027,-0.2344524,0.2863873,-0.3898927,-0.2112939,0.2123257,0.06025739,0.130033,0.1047865,-0.06033839,-0.2380972,-0.04038479,0.01090277,-0.1453272,0.0467442,0.1181676,-0.09975189,-0.02684978,-0.08809429,0.00470143
-0.3409606,-0.4734466,-0.3362009,-0.2318228,0.3067476,-0.3950499,-0.2106942,0.2394687,0.07470138,0.1360082,0.1117054,-0.05963831,-0.2352714,-0.0350456,0.01725485,-0.1373169,0.03824961,0.1070036,-0.1097865,-0.03162504,-0.0780497,0.01024651
-0.3609802,-0.4829073,-0.3534535,-0.2455617,0.3391283,-0.4162125,-0.2332834,0.2239503,0.04597747,0.1265261,0.131079,-0.0611748,-0.2390093,-0.02849244,0.01635946,-0.1357357,0.04008863,0.104327,-0.1094106,-0.03011193,-0.07190136,0.01761307
-0.3595191,-0.5229145,-0.4025894,-0.2420122,0.3248303,-0.3969216,-0.2509562,0.2326209,0.03937115,0.138861,0.1588279,-0.0782077,-0.2336214,-0.03064669,0.01802428,-0.1333081,0.04012303,0.09006048,-0.1108527,-0.03382944,-0.06816384,0.02948722
-0.367839,-0.5009477,-0.3982453,-0.2461358,0.3762714,-0.4268838,-0.2547067,0.2458985,0.05062322,0.1399954,0.1468688,-0.06776866,-0.2403396,-0.02063976,0.01595088,-0.1254974,0.031232,0.08877871,-0.1049405,-0.0381797,-0.06079088,0.04091704
-0.3920046,-0.5394357,-0.4575025,-0.2307124,0.3224415,-0.3816623,-0.2776106,0.271622,0.06478434,0.1570264,0.1595397,-0.07850449,-0.230933,-0.02473417,0.01912767,-0.1251852,0.04440139,0.07703004,-0.1142195,-0.03659695,-0.05678618,0.03743094
-0.4018255,-0.5200924,-0.4608216,-0.2473925,0.3793111,-0.4180788,-0.2709487,0.2671951,0.073388,0.1642907,0.1599457,-0.08044148,-0.2396889,-0.006731439,0.01765913,-0.1194358,0.03605012,0.07509314,-0.1073631,-0.03912518,-0.04970212,0.04552845
-0.4140966,-0.5578489,-0.5077808,-0.2467064,0.3601173,-0.3998795,-0.2948177,0.2752983,0.06282939,0.1692253,0.1842418,-0.08577692,-0.2375615,-0.003395899,0.01602496,-0.1209688,0.04488555,0.06676615,-0.1108866,-0.04155089,-0.04334173,0.05207764
-0.421878,-0.5312088,-0.5170033,-0.2465851,0.4151239,-0.4324062,-0.2954395,0.26611,0.06753098,0.167985,0.1870445,-0.08918676,-0.2385388,0.009005304,0.01781586,-0.11495,0.03327216,0.06634554,-0.1122916,-0.04295027,-0.04536766,0.06641784
-0.442432,-0.5638053,-0.5593482,-0.2439931,0.3970828,-0.4126002,-0.3138602,0.271258,0.05541329,0.1690888,0.20993,-0.09201998,-0.2337069,0.006433444,0.01595129,-0.1137086,0.03921816,0.06052676,-0.1144512,-0.0478102,-0.03225347,0.06864823
-0.4507681,-0.5253709,-0.5549025,-0.2524652,0.4566747,-0.4474791,-0.3090574,0.2684097,0.05836315,0.1736325,0.1991123,-0.08745766,-0.2385517,0.01625892,0.0169214,-0.1031802,0.03005289,0.05879967,-0.1122302,-0.05000193,-0.02667306,0.07525792
-0.4498769,-0.5196096,-0.5490618,-0.2446366,0.4585363,-0.4394588,-0.3020574,0.2657445,0.05199581,0.1828688,0.1933834,-0.08242851,-0.2464646,0.01753979,0.01870971,-0.1047405,0.02704415,0.05891706,-0.1168719,-0.05882239,-0.01861886,0.07717008
-0.4349882,-0.5609194,-0.5772348,-0.2266621,0.4192731,-0.398968,-0.3150938,0.2844778,0.02883315,0.1999321,0.2028948,-0.07965908,-0.2437621,0.005809124,0.01928706,-0.1101335,0.03386289,0.05671835,-0.1288675,-0.0603386,-0.01456856,0.07764915
-0.4272319,-0.541338,-0.5665717,-0.2146641,0.445298,-0.4025904,-0.3057325,0.2860865,0.0195501,0.2028815,0.1902575,-0.06499995,-0.2464917,0.002833371,0.01845269,-0.1084116,0.02805698,0.06214973,-0.1312858,-0.06650941,-0.01068493,0.07734197
-0.416643,-0.526323,-0.5630982,-0.2028753,0.452749,-0.4078809,-0.2941111,0.2807115,0.0191681,0.2099167,0.179079,-0.06062469,-0.2532569,0.00337305,0.01994522,-0.1066231,0.02348784,0.06618566,-0.1405097,-0.06621071,-0.01764306,0.07893538
-0.4005964,-0.5241294,-0.5576777,-0.2003938,0.4664956,-0.4061918,-0.2853749,0.2814854,0.003855372,0.21592,0.1720241,-0.04535879,-0.2600949,0.00364292,0.01878735,-0.1076855,0.01453307,0.06931963,-0.1459049,-0.06983519,-0.0129979,0.07423074
-0.3855554,-0.519097,-0.5658901,-0.1724504,0.4689075,-0.3934022,-0.2873101,0.2879141,-0.009855252,0.2120947,0.1701816,-0.03378632,-0.2548648,-0.003241599,0.01940684,-0.1077935,0.01243753,0.07392482,-0.153047,-0.06920808,-0.0151338,0.07313226
-0.3852638,-0.4981383,-0.5653039,-0.1652927,0.4588497,-0.368688,-0.2725082,0.2865943,-0.0204057,0.2151893,0.1501332,-0.02874315,-0.2461817,-0.01329269,0.01158783,-0.09579936,0.0008753122,0.07109048,-0.1548629,-0.06993365,-0.008290237,0.06528559
-0.3877463,-0.4846946,-0.5718552,-0.1435599,0.4603362,-0.3474981,-0.282392,0.2909599,-0.03636515,0.2070295,0.1506856,-0.0157147,-0.2366257,-0.02244417,0.01239894,-0.09805784,0.003790338,0.07963573,-0.1733894,-0.06964265,-0.01459038,0.06094231
-0.382585,-0.4708847,-0.5678394,-0.1359059,0.469297,-0.345782,-0.2714255,0.2868376,-0.04424918,0.2061493,0.138118,-0.005290866,-0.2362725,-0.02712584,0.0110808,-0.09387523,-0.001675923,0.08091041,-0.1772131,-0.07186837,-0.01376303,0.06174988
-0.3702238,-0.4528301,-0.5618035,-0.1185615,0.4892562,-0.3475939,-0.2605167,0.2874404,-0.05127939,0.203986,0.1313465,0.005674782,-0.2351556,-0.02867606,0.008963709,-0.0898163,-0.01109424,0.08548737,-0.1826213,-0.07629693,-0.009634445,0.06166216
-0.3510956,-0.4351639,-0.5482427,-0.1069059,0.5008779,-0.3397887,-0.2484667,0.2879144,-0.06187986,0.1975249,0.1147025,0.02284674,-0.2259886,-0.03095901,-0.00302919,-0.07975412,-0.02082834,0.08747327,-0.1864921,-0.07454646,-0.002416589,0.05655939
-0.3343504,-0.4000773,-0.5183933,-0.1016569,0.5242702,-0.3556298,-0.2415773,0.2910064,-0.07336727,0.1952949,0.09784537,0.03537785,-0.2217507,-0.02728391,-0.0115577,-0.07626849,-0.0295519,0.09352764,-0.1928236,-0.07737841,-0.003010229,0.05778161
-0.3245482,-0.3792979,-0.5081511,-0.08429301,0.5410579,-0.3584921,-0.2348628,0.2869452,-0.07864941,0.1903803,0.08714759,0.04992139,-0.2171691,-0.02730898,-0.01505898,-0.07081494,-0.03880252,0.09747442,-0.1985981,-0.07869413,0.0008420137,0.05461054
-0.3182116,-0.4019889,-0.5223877,-0.08137339,0.5062788,-0.334387,-0.2395264,0.2873798,-0.07865497,0.185554,0.09102593,0.05110816,-0.2157834,-0.0336765,-0.01567934,-0.07418419,-0.03340371,0.09490144,-0.1988924,-0.07814351,-7.18385e-05,0.05762531
-0.3039812,-0.3872804,-0.5039026,-0.09082854,0.528407,-0.350908,-0.2325009,0.2862463,-0.07956284,0.1830667,0.08330792,0.05200524,-0.2177658,-0.03061667,-0.01560103,-0.07392498,-0.04031443,0.09508604,-0.1924559,-0.07958844,-0.0009129333,0.06214777
-0.2918061,-0.3814977,-0.4957494,-0.08879992,0.5289452,-0.3439004,-0.2466692,0.292334,-0.08519518,0.1870275,0.08109855,0.05691858,-0.2162206,-0.03329353,-0.01798118,-0.0746667,-0.03851253,0.09425098,-0.1903551,-0.08113389,-0.003863007,0.06121477
-0.2787763,-0.3848821,-0.48934,-0.08873568,0.5286455,-0.3423821,-0.2481668,0.2975699,-0.084359,0.1827839,0.07975309,0.0613375,-0.2149315,-0.03523003,-0.02101505,-0.07488304,-0.03947061,0.09200897,-0.1865347,-0.08369514,-0.0007244429,0.06453039
-0.2681801,-0.4002854,-0.4897374,-0.0916365,0.5126508,-0.3361262,-0.2535541,0.3030057,-0.08782025,0.18134,0.08462012,0.05943034,-0.2123075,-0.03630027,-0.02321935,-0.07662068,-0.04050629,0.08899593,-0.1840199,-0.08425096,0.000119028,0.0651165
-0.264873,-0.3965339,-0.488894,-0.1033116,0.5034477,-0.3260889,-0.2528625,0.3066339,-0.09176999,0.1929168,0.07861369,0.05955407,-0.2098951,-0.03926467,-0.02783149,-0.07640617,-0.03760952,0.08393074,-0.18362,-0.0867163,0.003847598,0.06385186
-0.2554472,-0.3940276,-0.4817082,-0.1138151,0.5139608,-0.349524,-0.2397247,0.2957448,-0.08177227,0.1796861,0.06870821,0.06551973,-0.2130393,-0.03613406,-0.0250679,-0.0756382,-0.04281421,0.08684798,-0.180991,-0.08240356,-0.002363715,0.06912708
-0.2441683,-0.3973813,-0.478822,-0.1161511,0.5064959,-0.3440863,-0.2440061,0.2972995,-0.08543348,0.1843805,0.06702791,0.06688017,-0.2132312,-0.03686912,-0.02668426,-0.07564849,-0.04276597,0.08372887,-0.1782205,-0.08496826,-3.404791e-05,0.07056553
-0.2339359,-0.4057285,-0.4791026,-0.1070625,0.4818524,-0.3198703,-0.2462595,0.3057268,-0.07747247,0.1850867,0.066584,0.07119294,-0.2056523,-0.04281355,-0.03274652,-0.07112699,-0.04149685,0.07170513,-0.1767282,-0.089232,0.003790977,0.07089823
-0.2197034,-0.40911,-0.4763693,-0.1067347,0.4821047,-0.3199413,-0.2469826,0.3111381,-0.08494093,0.1800797,0.07057972,0.0757065,-0.2033167,-0.04349682,-0.034189,-0.0704354,-0.04321464,0.07020703,-0.1788792,-0.09100255,0.007380353,0.07408891
-0.2040739,-0.4041199,-0.468306,-0.1068346,0.4850436,-0.3173943,-0.254108,0.3134696,-0.08861667,0.1829809,0.07036463,0.07558688,-0.1984507,-0.0464852,-0.03661496,-0.07052063,-0.04235396,0.06666524,-0.1772758,-0.09085668,0.005513323,0.07706887
-0.1783374,-0.3751365,-0.4279109,-0.1238746,0.525635,-0.3578091,-0.245379,0.3053791,-0.09369249,0.1844429,0.04958729,0.0867413,-0.197938,-0.04199672,-0.04028223,-0.06673556,-0.04747804,0.06675939,-0.1718764,-0.08998507,0.005056628,0.08339736
-0.1650654,-0.3687731,-0.4166471,-0.1238764,0.51974,-0.3603466,-0.2424918,0.30668,-0.08719772,0.1882472,0.04202965,0.08614174,-0.1957177,-0.04335001,-0.04109325,-0.06856831,-0.04976077,0.06556518,-0.1690649,-0.09051628,0.003879807,0.08684608
-0.1485075,-0.3603275,-0.4125206,-0.1217387,0.5116127,-0.358764,-0.2429298,0.3029645,-0.08643771,0.1921987,0.03994087,0.08346837,-0.1909403,-0.04442078,-0.04453686,-0.06369895,-0.05081346,0.05841038,-0.1678319,-0.09188863,0.008633344,0.08890691
-0.1354065,-0.3761319,-0.4129939,-0.1280306,0.4914299,-0.3308113,-0.2622761,0.3173098,-0.1060238,0.1932232,0.05447748,0.0816064,-0.1823331,-0.05067754,-0.04960996,-0.06209114,-0.04190813,0.04885747,-0.1695242,-0.09496927,0.01998175,0.08825737
-0.1273281,-0.3826005,-0.4113782,-0.1274611,0.4829493,-0.3202013,-0.2677251,0.3177029,-0.1068352,0.1916069,0.05390121,0.08466259,-0.1783254,-0.05355605,-0.05290056,-0.06054472,-0.0405174,0.04722337,-0.1714927,-0.09356853,0.02338159,0.09125926
-0.111587,-0.3759367,-0.4013723,-0.1305618,0.4856909,-0.326263,-0.266551,0.3178223,-0.1071939,0.1935841,0.05123137,0.08349004,-0.1781875,-0.05512503,-0.05017234,-0.05910831,-0.04168607,0.04492394,-0.1709974,-0.09520718,0.02165189,0.09604204
-0.09648535,-0.3665248,-0.3816781,-0.1383013,0.4954073,-0.3347539,-0.2689384,0.3212899,-0.1105587,0.1956679,0.04519889,0.08562863,-0.1766365,-0.05324222,-0.05292097,-0.05769865,-0.04380236,0.042711,-0.1685302,-0.09692632,0.02243451,0.09987807
-0.06992984,-0.3522897,-0.3667444,-0.1502759,0.5147643,-0.3424346,-0.2779957,0.3293341,-0.1167505,0.2082878,0.04417059,0.08100758,-0.1731786,-0.05700419,-0.05024874,-0.05554269,-0.04643611,0.03638886,-0.1622019,-0.09740427,0.02690489,0.09965403
-0.05300132,-0.3289445,-0.3453001,-0.1615864,0.5320227,-0.3731483,-0.2649886,0.3121145,-0.113607,0.2017096,0.03533212,0.08111555,-0.1759341,-0.05181432,-0.04933092,-0.05165666,-0.05304933,0.03570319,-0.1603445,-0.09901768,0.02456005,0.1063587
-0.03962466,-0.3161924,-0.3271544,-0.1688852,0.5290186,-0.3742778,-0.2639866,0.3224472,-0.1205384,0.2057253,0.03189553,0.08687451,-0.1692767,-0.04755023,-0.05304746,-0.0409337,-0.05307269,0.02455767,-0.1610036,-0.1034324,0.03829304,0.1056643
-0.03587025,-0.3257548,-0.3302045,-0.1677774,0.5007228,-0.3517765,-0.2743739,0.3241206,-0.1219536,0.199147,0.03452457,0.08607072,-0.1618633,-0.05567367,-0.05631717,-0.04357562,-0.04749771,0.02530734,-0.1616447,-0.1010257,0.03694868,0.1062288
-0.02202586,-0.3143124,-0.3110225,-0.1777404,0.5083542,-0.3596717,-0.2705281,0.323806,-0.127574,0.1993471,0.02714982,0.09047344,-0.1610487,-0.05132282,-0.0550406,-0.03976081,-0.04923244,0.02111205,-0.1620976,-0.1021578,0.03916939,0.1106866
-0.01255176,-0.3044669,-0.2996544,-0.1759197,0.504541,-0.3572796,-0.2758546,0.3247506,-0.1283724,0.1951839,0.02499482,0.09257991,-0.1562776,-0.05290482,-0.0569098,-0.03797073,-0.0485178,0.0198256,-0.1612288,-0.103382,0.04144598,0.1118415
-0.01095442,-0.283458,-0.2954112,-0.1763783,0.5277762,-0.3642209,-0.2751441,0.3234228,-0.1343643,0.2030491,0.01520595,0.09517658,-0.1572674,-0.0546425,-0.06177118,-0.03974474,-0.04802785,0.02550226,-0.1599691,-0.1044696,0.04111369,0.1130114
-0.009132732,-0.2821445,-0.3006712,-0.1617632,0.5286945,-0.3579521,-0.2706736,0.3225686,-0.1346309,0.2026918,0.01652575,0.100194,-0.1577338,-0.05269099,-0.06303161,-0.04028982,-0.04538524,0.02742836,-0.1613338,-0.1082442,0.04452354,0.1131766
-0.01793568,-0.2972224,-0.3269291,-0.143934,0.5050659,-0.3240497,-0.2825005,0.3322981,-0.1367813,0.2031633,0.02420817,0.1033965,-0.1523837,-0.0586019,-0.0688652,-0.04299333,-0.03568429,0.02916235,-0.1660743,-0.1075542,0.04588405,0.10992
-0.02152413,-0.2996521,-0.3417293,-0.1382654,0.5087238,-0.3125806,-0.2869434,0.3399262,-0.1313547,0.2033555,0.02490575,0.1098665,-0.1531497,-0.06329909,-0.07199842,-0.04616504,-0.03261434,0.0350941,-0.171568,-0.1019882,0.04336925,0.1084905
-0.02621637,-0.2961114,-0.3460808,-0.1307319,0.5149186,-0.3115912,-0.281532,0.3297185,-0.132732,0.1992745,0.01855481,0.1159202,-0.1553718,-0.06287606,-0.07664698,-0.04822019,-0.03202271,0.04123831,-0.1741813,-0.1031736,0.04074511,0.1093124
-0.04130375,-0.3217176,-0.3912756,-0.09661484,0.4727011,-0.2652762,-0.2788083,0.3218551,-0.1255884,0.1851399,0.03059278,0.1173525,-0.1510755,-0.06539261,-0.07640264,-0.04744633,-0.02773053,0.0400439,-0.1817827,-0.1044188,0.04653199,0.1068624
-0.03699363,-0.3151777,-0.3983047,-0.08057135,0.4793336,-0.2387391,-0.2936873,0.3357186,-0.1313672,0.1977932,0.03260905,0.1175644,-0.145864,-0.07475796,-0.07923322,-0.05164089,-0.02434139,0.04375022,-0.1831626,-0.1038273,0.04747319,0.1026776
-0.02989644,-0.3081482,-0.3978641,-0.07658628,0.4996728,-0.2404121,-0.2907408,0.3378327,-0.1315527,0.1976414,0.02837247,0.1241443,-0.1471053,-0.07233011,-0.0790109,-0.05252684,-0.02388054,0.04888597,-0.1837307,-0.1039911,0.04934764,0.1022681
-0.03214657,-0.3069293,-0.4085116,-0.06585259,0.4941932,-0.2299348,-0.2876371,0.338091,-0.1315763,0.190883,0.02742682,0.1288195,-0.1459193,-0.07284043,-0.07840919,-0.0525677,-0.02030894,0.05259295,-0.1857841,-0.1034558,0.04955649,0.1011607
-0.03058734,-0.2856599,-0.4042139,-0.05854266,0.5055731,-0.2244443,-0.2868582,0.3397312,-0.1352732,0.1937277,0.02258695,0.135649,-0.1460703,-0.07437605,-0.08363447,-0.05385603,-0.0157707,0.0543754,-0.183939,-0.1075855,0.04811524,0.09926385
-0.03442803,-0.2868273,-0.4181702,-0.04797311,0.490911,-0.201606,-0.2884345,0.3418586,-0.1355854,0.1931335,0.02287147,0.1308882,-0.1396564,-0.08352068,-0.08689039,-0.05895466,-0.00549317,0.05739374,-0.1808431,-0.105607,0.04794508,0.0955003
-0.04709613,-0.2921936,-0.432174,-0.03261599,0.4782827,-0.1824779,-0.2945112,0.3477991,-0.1393243,0.1933871,0.02643071,0.1304469,-0.1354356,-0.08609503,-0.09090275,-0.05869285,0.00100507,0.05692945,-0.1842586,-0.1040655,0.04826141,0.09460453
-0.0625708,-0.2826836,-0.4394605,-0.02224187,0.4811997,-0.1765632,-0.2912067,0.3428682,-0.1382122,0.1872345,0.02539922,0.1362911,-0.1386746,-0.08413726,-0.09291587,-0.06035082,0.003845846,0.06296066,-0.1885349,-0.1051665,0.0447755,0.09403264
-0.06659948,-0.2743373,-0.4493112,-0.01426766,0.4830618,-0.1681274,-0.2943719,0.3387574,-0.1360413,0.182623,0.02178611,0.1382817,-0.1368327,-0.08724288,-0.1006309,-0.06161717,0.009987406,0.0680838,-0.1878984,-0.1036319,0.03895973,0.09445542
-0.07335941,-0.2623959,-0.4493841,0.0001203865,0.4930271,-0.1767154,-0.2886542,0.3398154,-0.1351535,0.1738835,0.01728412,0.1404266,-0.1380658,-0.08546764,-0.1032212,-0.06382274,0.01313345,0.07622825,-0.1895122,-0.09882156,0.02871949,0.09846576
-0.07784075,-0.2568869,-0.4512655,0.01148325,0.4841802,-0.1592071,-0.2951711,0.3406366,-0.1342601,0.1700276,0.01828852,0.1410995,-0.1339532,-0.08831235,-0.1041666,-0.06697837,0.02146628,0.08138114,-0.1942257,-0.09779588,0.0259134,0.09885651
-0.07358167,-0.2423657,-0.4403939,0.01342995,0.5074527,-0.1646528,-0.2991383,0.3490727,-0.1353686,0.1680778,0.02020404,0.1506519,-0.1333558,-0.08261687,-0.1070591,-0.0640789,0.02500355,0.08244952,-0.1972705,-0.1000294,0.03132397,0.09731797
-0.07044745,-0.2273662,-0.4396856,0.02728917,0.5149794,-0.1594877,-0.3002233,0.3482703,-0.1344603,0.1683971,0.01603029,0.1497946,-0.1296927,-0.08198213,-0.1107368,-0.06311981,0.02881297,0.08643886,-0.1950291,-0.09904576,0.03077856,0.09538678
-0.07260703,-0.223128,-0.4472322,0.04733769,0.512361,-0.1395195,-0.311548,0.360671,-0.1389937,0.1757021,0.01700948,0.1441434,-0.1233477,-0.08589626,-0.1185432,-0.06592179,0.03616536,0.08738858,-0.1905444,-0.1007257,0.033358,0.09440849
-0.06637601,-0.1960539,-0.4315066,0.04961748,0.529432,-0.1572884,-0.2990601,0.3597125,-0.1123811,0.1735228,-0.005856415,0.1439285,-0.1235294,-0.08577522,-0.1162249,-0.06991799,0.03308716,0.10275,-0.1895053,-0.08995864,0.01689491,0.09230501
-0.06178332,-0.1794137,-0.4264202,0.05822056,0.5484487,-0.1645968,-0.3001785,0.3537067,-0.1227044,0.1502547,0.0006787268,0.1464118,-0.1230037,-0.08266503,-0.1179608,-0.06820148,0.04058399,0.1064257,-0.1895474,-0.08968058,0.02043103,0.0908277
-0.05688254,-0.1651699,-0.4202674,0.07026168,0.5557371,-0.1582372,-0.3021505,0.3583993,-0.1223671,0.1386636,-0.006638177,0.1510172,-0.116247,-0.08373011,-0.1256392,-0.06843805,0.04737578,0.1065865,-0.1889788,-0.0886046,0.0214345,0.0929848
-0.06439964,-0.1640964,-0.4321662,0.0861017,0.5387588,-0.1393352,-0.3048437,0.3577488,-0.1204414,0.1307676,-0.00331795,0.1500073,-0.111748,-0.08734411,-0.127506,-0.06846503,0.05219695,0.1078041,-0.1917328,-0.08657634,0.02126266,0.08990451
-0.05571521,-0.1181542,-0.3931777,0.08985168,0.5662536,-0.1242891,-0.3192676,0.3742886,-0.1207687,0.1430984,-0.01304816,0.1492326,-0.1046624,-0.0911691,-0.1286109,-0.06963371,0.05581607,0.1068641,-0.1953321,-0.08647398,0.02598625,0.08708862
-0.04911484,-0.1255604,-0.4004442,0.09935566,0.563185,-0.1287062,-0.3176089,0.3628435,-0.1207004,0.1332818,-0.009979978,0.1451006,-0.1064892,-0.08873688,-0.1283955,-0.06960698,0.05438467,0.1081208,-0.1930846,-0.08439782,0.02245534,0.0890375
-0.04197468,-0.1225311,-0.3953064,0.1034206,0.5559159,-0.1260465,-0.3145367,0.3633094,-0.1154504,0.1314161,-0.008035053,0.1417273,-0.1037514,-0.08900077,-0.1273002,-0.06854283,0.05560125,0.1052825,-0.1936595,-0.08712977,0.02430597,0.09014225
-0.03479336,-0.1240675,-0.395829,0.1105104,0.5520386,-0.1244188,-0.313295,0.3622832,-0.1180906,0.1239685,-0.007748857,0.1390447,-0.1018285,-0.09042814,-0.130238,-0.07119154,0.05899076,0.1089862,-0.190661,-0.08644718,0.02147452,0.09142088
-0.02767579,-0.1250506,-0.3906334,0.1156545,0.5412593,-0.112662,-0.3122934,0.3650914,-0.1156902,0.1250879,-0.004403122,0.1398969,-0.09950641,-0.08859745,-0.1309927,-0.06608716,0.06071077,0.102149,-0.1933958,-0.09169032,0.02934578,0.09216344
-0.02882428,-0.1258067,-0.3930734,0.1230958,0.5321515,-0.1033558,-0.3148729,0.3601554,-0.1113246,0.1175104,-0.001170697,0.1326379,-0.09821689,-0.08931589,-0.1306664,-0.06971627,0.06416819,0.1060651,-0.190739,-0.09131509,0.02346872,0.09355808
-0.0119749,-0.1321446,-0.3842148,0.1251627,0.5357466,-0.1084538,-0.3083217,0.3619038,-0.1141385,0.107383,0.006744673,0.1369397,-0.09942114,-0.08473211,-0.1254076,-0.06705708,0.06289369,0.1034729,-0.192334,-0.09487631,0.02953867,0.09612758
-0.004033051,-0.1275481,-0.375987,0.1260231,0.5404882,-0.1100442,-0.3096524,0.3619668,-0.1132337,0.1050422,0.006258079,0.1354661,-0.09958518,-0.08481375,-0.1250889,-0.0692782,0.06384242,0.1072643,-0.1929322,-0.09419268,0.02555426,0.09882566
0.0100056,-0.1265231,-0.3693269,0.1299623,0.5468683,-0.1177093,-0.3052422,0.3568595,-0.105625,0.09656233,0.003521514,0.1314792,-0.1034285,-0.08137921,-0.1225281,-0.07168955,0.06504535,0.1099651,-0.1896441,-0.09202776,0.01932167,0.1024458
0.01665001,-0.1248632,-0.3619863,0.1313911,0.5472998,-0.1164548,-0.3038228,0.3557101,-0.103967,0.0920505,0.003470457,0.1322787,-0.1039713,-0.08064777,-0.1200984,-0.07330567,0.06510348,0.1110225,-0.1889614,-0.09266492,0.01897367,0.1030756
0.03060899,-0.1171218,-0.3520934,0.130069,0.5460181,-0.1171414,-0.3053191,0.355552,-0.1009339,0.09041512,0.003876978,0.1328587,-0.100771,-0.08342268,-0.1216061,-0.07347229,0.06730536,0.111809,-0.1868334,-0.09416542,0.02259686,0.1013888
0.05052685,-0.1144722,-0.3413328,0.1305085,0.5509505,-0.1242485,-0.3058514,0.3529483,-0.1015604,0.08703224,0.006789392,0.1309468,-0.1015147,-0.08293162,-0.1215955,-0.07585222,0.06633704,0.1132911,-0.1847091,-0.09491626,0.02118663,0.1042702
0.04353048,-0.1317232,-0.3549647,0.1456639,0.5230715,-0.1147942,-0.3027247,0.3446383,-0.09918824,0.07032448,0.01851476,0.1253105,-0.1026794,-0.08284036,-0.1188978,-0.07577703,0.07014988,0.1144626,-0.1916813,-0.09281236,0.01674516,0.1071857
0.05066298,-0.1194286,-0.3454619,0.1488337,0.5340591,-0.1248367,-0.3006882,0.3435201,-0.09944414,0.06398758,0.01492236,0.1273141,-0.1052005,-0.07993957,-0.1194568,-0.07519772,0.07046868,0.1178253,-0.1964536,-0.0919961,0.01203169,0.1119865
0.06172083,-0.1284854,-0.3443316,0.1565152,0.5157199,-0.109132,-0.3020056,0.3452277,-0.0949508,0.0708966,0.02080289,0.1243697,-0.1039189,-0.07979804,-0.119308,-0.07128937,0.0721615,0.1070138,-0.197488,-0.09760392,0.02211831,0.111464
0.06908295,-0.1149977,-0.3296166,0.1570504,0.5249296,-0.1113224,-0.3031986,0.3500008,-0.09184632,0.06232353,0.01378293,0.1223445,-0.1054124,-0.07905975,-0.117423,-0.07271761,0.0731172,0.1119642,-0.1904883,-0.09590488,0.01794707,0.1124059
0.07982526,-0.1131544,-0.3190472,0.1579692,0.5231354,-0.1139218,-0.2970917,0.3495113,-0.08191537,0.06481043,0.01426393,0.1224778,-0.1061541,-0.07674254,-0.1181837,-0.07048148,0.07586509,0.1110612,-0.1980074,-0.09913331,0.01862074,0.1157776
0.09224351,-0.1102816,-0.3082696,0.1615731,0.518631,-0.1086687,-0.2960134,0.3432646,-0.07612208,0.06352916,0.01460631,0.1165974,-0.1070434,-0.07351676,-0.1140608,-0.0701136,0.08094621,0.1094079,-0.1955884,-0.1009948,0.01579329,0.118343
0.1017829,-0.108269,-0.3014393,0.1632861,0.5194511,-0.1084536,-0.2965315,0.3386474,-0.07053045,0.05898756,0.01632533,0.1168761,-0.1085085,-0.06988699,-0.1081941,-0.06947834,0.08093677,0.1081406,-0.1976532,-0.1013119,0.01463976,0.1223677
0.112074,-0.1092829,-0.2986938,0.1670298,0.5173414,-0.107269,-0.2994308,0.3373184,-0.07204087,0.05312257,0.01530016,0.1144617,-0.1081576,-0.06907188,-0.1078124,-0.07191951,0.08002917,0.1140766,-0.1944504,-0.0974417,0.01121136,0.122638
0.1166886,-0.1036295,-0.288678,0.1694698,0.5158498,-0.09086902,-0.3058151,0.3448271,-0.07198063,0.04617059,0.02109501,0.110527,-0.106492,-0.07124217,-0.1025196,-0.07371224,0.08200381,0.1104187,-0.1962281,-0.1016094,0.01947084,0.1214138
0.1240571,-0.09635929,-0.2791711,0.1701425,0.5133151,-0.0880571,-0.3063758,0.3400596,-0.0674804,0.0452461,0.02106906,0.1088303,-0.106473,-0.07080504,-0.1028608,-0.07346313,0.08199645,0.1085755,-0.1942285,-0.1045397,0.02085108,0.1206377
0.129127,-0.08844582,-0.2702061,0.1739581,0.5100819,-0.07981863,-0.3096541,0.3464286,-0.05428434,0.05283207,0.01629834,0.1075215,-0.1063634,-0.07020552,-0.1040249,-0.07257237,0.08441692,0.1083314,-0.2008334,-0.1039507,0.02066546,0.1215822
0.14697,-0.07792728,-0.2561869,0.1754433,0.5251606,-0.09094463,-0.3016835,0.3477812,-0.05378188,0.04657759,0.008552257,0.1110586,-0.1077245,-0.0647487,-0.1052565,-0.06999223,0.08224798,0.1130206,-0.2010542,-0.1021225,0.02075013,0.1234238
0.1653994,-0.08032847,-0.2530391,0.1785458,0.5333588,-0.09717787,-0.3080158,0.3334986,-0.06803839,0.0357928,0.02108484,0.112032,-0.1075775,-0.05846235,-0.1041425,-0.06691577,0.08171698,0.1077491,-0.1986488,-0.1028519,0.02499499,0.1243276
0.1700748,-0.07898698,-0.2502927,0.1816537,0.5282297,-0.09854577,-0.3122116,0.3304712,-0.06489814,0.02956203,0.02604186,0.1075969,-0.106057,-0.05527033,-0.09880137,-0.06827349,0.08393522,0.1059295,-0.1934372,-0.1038768,0.02235982,0.1253208
0.1715999,-0.0819703,-0.2514244,0.1845274,0.5257447,-0.1022716,-0.3115164,0.3348075,-0.05774356,0.02659986,0.02937432,0.1012148,-0.1081571,-0.0545062,-0.09796349,-0.06955414,0.08785821,0.1092106,-0.1942089,-0.1008159,0.01538532,0.1270193
0.1779061,-0.07722956,-0.2434557,0.1823713,0.538385,-0.1111791,-0.3110631,0.3361045,-0.05286141,0.02443001,0.02814517,0.09546664,-0.1095843,-0.04971961,-0.09250408,-0.07025444,0.09104749,0.1058441,-0.1856893,-0.1014335,0.01232953,0.1304798
0.1794782,-0.08049146,-0.2429302,0.1868634,0.5361876,-0.1031626,-0.3191426,0.3292957,-0.06067782,0.0177228,0.03780683,0.09493989,-0.1038479,-0.04365547,-0.09013107,-0.06860837,0.09654432,0.1003745,-0.1877255,-0.1012706,0.01049486,0.1332844
0.1805068,-0.08809114,-0.246334,0.1829438,0.5244291,-0.1125836,-0.3176459,0.3125163,-0.05241183,0.005670173,0.03237793,0.09213817,-0.1014425,-0.0442925,-0.09250488,-0.06604322,0.09949982,0.1055816,-0.1832815,-0.09398013,0.002038372,0.1358469
0.1828949,-0.07411825,-0.2337399,0.1807436,0.5319822,-0.1108694,-0.3201226,0.3207274,-0.04598889,0.01119543,0.03098768,0.09011871,-0.1002598,-0.03911678,-0.08964253,-0.06551194,0.1021744,0.1000923,-0.1857784,-0.09890538,0.005765203,0.136936
0.1724159,-0.08467806,-0.2471274,0.189382,0.5108524,-0.1044661,-0.3185239,0.3131389,-0.04388417,-0.006195163,0.03313316,0.08717795,-0.09669439,-0.03938347,-0.08937772,-0.06744132,0.1042614,0.1037025,-0.1822839,-0.09569924,-0.003226046,0.1367786
0.1833643,-0.09795461,-0.2526788,0.1956515,0.5039571,-0.1080828,-0.3248971,0.3049177,-0.04068649,-0.02563831,0.0462314,0.0834179,-0.09777685,-0.04043049,-0.08659368,-0.0697867,0.1075603,0.1050264,-0.1792047,-0.09299061,-0.009097169,0.1387502
0.1889373,-0.09316099,-0.2484205,0.1992919,0.5000501,-0.1040114,-0.3282959,0.3016431,-0.03137809,-0.03111797,0.04350476,0.08081193,-0.09308309,-0.04110457,-0.08776578,-0.07003058,0.1104659,0.108091,-0.1744384,-0.09073326,-0.01478795,0.1391678
0.1908623,-0.09235045,-0.2465296,0.2037574,0.4949388,-0.103093,-0.3298841,0.3064279,-0.02778706,-0.040286,0.04632546,0.07781598,-0.08880904,-0.03858116,-0.08816755,-0.0685524,0.1143502,0.1096437,-0.172914,-0.08899978,-0.01858941,0.1371165
0.1916389,-0.09046046,-0.2484191,0.2093344,0.4905286,-0.1019313,-0.3382093,0.2963437,-0.02679462,-0.05249674,0.05376197,0.07478773,-0.0848259,-0.03538256,-0.08783887,-0.06680555,0.1177527,0.1070403,-0.173584,-0.08689844,-0.01889071,0.1400916
0.1979838,-0.08417722,-0.2309497,0.2077063,0.4979613,-0.1050432,-0.3410048,0.2971803,-0.02251205,-0.06365625,0.05807728,0.0717883,-0.08304645,-0.03010623,-0.08139747,-0.06467765,0.1176618,0.1038459,-0.17212,-0.08624503,-0.01739351,0.1396928
0.2036327,-0.07777958,-0.2263755,0.2086877,0.4889487,-0.09851563,-0.3416657,0.2995275,-0.007712677,-0.05715367,0.05252656,0.06357293,-0.0797784,-0.03197381,-0.07827124,-0.06474321,0.1167454,0.1051593,-0.1674574,-0.08324472,-0.01898859,0.1376832
0.2152709,-0.07483364,-0.2113857,0.2100906,0.5055412,-0.1076322,-0.3518988,0.2917132,-0.01725222,-0.07632913,0.06766449,0.06360591,-0.07723597,-0.02275059,-0.07438565,-0.06152448,0.1201176,0.1010289,-0.1662494,-0.08639395,-0.01116265,0.1419414
0.2147388,-0.06933064,-0.2070647,0.2147905,0.4939906,-0.09863386,-0.3640344,0.2894289,-0.004942729,-0.08215528,0.07530829,0.06159167,-0.07181083,-0.02370788,-0.07359802,-0.06235553,0.1215665,0.09690667,-0.1680274,-0.09061989,-0.01252092,0.1406565
0.2287348,-0.06367867,-0.1924046,0.2162323,0.5060142,-0.09160792,-0.3769536,0.2958614,-0.004115113,-0.0842305,0.08310765,0.06154882,-0.06796538,-0.02114918,-0.07295144,-0.06071426,0.1230851,0.09746394,-0.1680567,-0.08954339,-0.01119384,0.1384984
0.2344312,-0.06929427,-0.2044787,0.227255,0.4734054,-0.07019094,-0.3845738,0.2866369,0.007023327,-0.0987913,0.08448575,0.05641923,-0.06191342,-0.02492498,-0.0716592,-0.06273363,0.1300708,0.1007878,-0.164179,-0.08444416,-0.01959114,0.1379579
0.2426814,-0.04305923,-0.1788983,0.2188423,0.4930914,-0.07554015,-0.381676,0.2993934,0.02845023,-0.08499238,0.07686371,0.05244646,-0.06014611,-0.02333801,-0.06959671,-0.05654188,0.127606,0.09526575,-0.158208,-0.09041163,-0.01258632,0.1331715
0.2380995,-0.02365005,-0.1628209,0.2253423,0.5047097,-0.08119791,-0.3956802,0.29131,0.02928875,-0.1049432,0.07712217,0.05534694,-0.05663995,-0.01764687,-0.07367649,-0.05453816,0.130384,0.09780873,-0.1619478,-0.08855501,-0.01697619,0.1328927
0.2347776,-0.01694063,-0.1474057,0.2327062,0.5124345,-0.06914713,-0.4075973,0.3010922,0.04625393,-0.1080372,0.08103278,0.05804126,-0.05269416,-0.01377588,-0.07074036,-0.04896073,0.13173,0.09365007,-0.1714068,-0.09122837,-0.009525034,0.1322399
0.2429515,-0.001122519,-0.1311513,0.2343369,0.5172629,-0.07150672,-0.4144883,0.2971201,0.04444611,-0.1154867,0.08070248,0.05670187,-0.04749078,-0.01151828,-0.07253098,-0.04652844,0.1353104,0.09302797,-0.1684698,-0.09020251,-0.009815305,0.1325196
0.2467878,-0.005286033,-0.1397086,0.2339428,0.5072091,-0.0623666,-0.4171053,0.2827769,0.05735373,-0.1216117,0.08803916,0.05103067,-0.04613201,-0.006325826,-0.07233287,-0.0427218,0.1430176,0.08101099,-0.1656529,-0.09444083,-0.009682119,0.1369793
0.2491682,0.000781099,-0.1315118,0.2349368,0.5052796,-0.05780621,-0.4243432,0.2804894,0.06226824,-0.1303758,0.09485953,0.0449748,-0.0454446,-0.0002709856,-0.06612492,-0.04236806,0.1474092,0.07924581,-0.166117,-0.09476873,-0.009909868,0.1383129
0.2479556,0.004050113,-0.123177,0.2425511,0.494851,-0.03949617,-0.4404399,0.2793736,0.05915973,-0.1392992,0.09910073,0.03903935,-0.04145135,-0.002494539,-0.06495243,-0.04394907,0.1523434,0.08349675,-0.1617894,-0.09070814,-0.01475797,0.1325994
0.2427716,-0.006870309,-0.1333779,0.2435802,0.4913059,-0.03375508,-0.442538,0.2763969,0.07031146,-0.1450604,0.1055016,0.03629821,-0.04201521,1.236758e-05,-0.05848002,-0.04426308,0.1556345,0.07639387,-0.1586564,-0.09307238,-0.01280547,0.1364622
0.246283,-0.006968463,-0.1316667,0.2411372,0.5031462,-0.0346685,-0.4455,0.2808664,0.07231397,-0.1460554,0.1061441,0.03514889,-0.04224195,0.001237352,-0.0542432,-0.04344212,0.156183,0.07616422,-0.155093,-0.0917742,-0.008017682,0.1358308
0.2477972,0.001928066,-0.1251302,0.238139,0.5089779,-0.03332056,-0.4543339,0.2765326,0.06950603,-0.1511329,0.1065026,0.03898172,-0.03786698,-0.0006730317,-0.05593713,-0.0419706,0.157516,0.07603619,-0.1538604,-0.09050865,-0.004889246,0.1333038
0.2314855,-0.03588501,-0.1599457,0.2443251,0.4633491,-0.01949339,-0.4536349,0.2547513,0.08930669,-0.1748517,0.110571,0.0410493,-0.0379263,-0.007519478,-0.05083545,-0.04964247,0.1573281,0.08250341,-0.1590773,-0.08495278,-0.01908788,0.1386416
0.2383791,-0.03308562,-0.1570281,0.2437506,0.4656458,-0.01661005,-0.4592588,0.2567815,0.0952411,-0.1770082,0.1085532,0.03477792,-0.03776297,-0.005791329,-0.04584464,-0.05007504,0.1602279,0.08042867,-0.1517714,-0.08173611,-0.02057615,0.1380805
0.2353178,-0.0383616,-0.1733704,0.2464492,0.4467719,0.0008537185,-0.4658894,0.2582627,0.09318624,-0.1757326,0.1096666,0.02469679,-0.03366169,-0.009951566,-0.04521012,-0.05246833,0.1674237,0.08047875,-0.1456627,-0.07746393,-0.02314297,0.1377884
0.2324295,-0.04423769,-0.1791611,0.2460884,0.4369165,0.007420432,-0.4717625,0.2565849,0.09757734,-0.1800864,0.1131241,0.02167494,-0.03392675,-0.01319424,-0.04095752,-0.05591851,0.1671735,0.08293033,-0.1444944,-0.07460979,-0.02539247,0.1377873
0.2322447,-0.03805879,-0.1690654,0.2439382,0.4456995,0.003237291,-0.4766572,0.2605343,0.09691733,-0.1828225,0.1137091,0.01737145,-0.03358998,-0.01389722,-0.03755826,-0.05753612,0.1658203,0.08425144,-0.137449,-0.07341813,-0.02873567,0.134694
0.2341701,-0.04076351,-0.1717499,0.2334411,0.4562801,0.0004922214,-0.4862277,0.2519897,0.08394825,-0.1859961,0.1228226,0.01304914,-0.03466807,-0.01094517,-0.03388092,-0.05766196,0.1700951,0.07873827,-0.1294555,-0.07372825,-0.02361276,0.1322166
0.2329057,-0.04180601,-0.1724993,0.2289032,0.4612342,0.001262743,-0.4903367,0.251272,0.08570216,-0.1825113,0.1228103,0.01254326,-0.03488508,-0.01053395,-0.03313118,-0.05695884,0.1709993,0.07734475,-0.1260049,-0.07187628,-0.02279803,0.1298332
0.2248065,-0.05032133,-0.1819165,0.2352727,0.4563874,0.002239661,-0.4910337,0.2412096,0.09230825,-0.1917613,0.1252057,0.01293258,-0.03547554,-0.009976112,-0.02851502,-0.0592077,0.1697597,0.07999393,-0.1220851,-0.0690525,-0.02577604,0.1297224
0.2227884,-0.04304923,-0.1820694,0.2396892,0.4562993,0.01232109,-0.4953685,0.2466922,0.1069269,-0.1923816,0.1193467,0.008886401,-0.03536711,-0.01083317,-0.02386911,-0.05861859,0.1732326,0.07877322,-0.118616,-0.06977049,-0.02453485,0.1318098
0.2157981,-0.05117846,-0.1898249,0.2401889,0.4521332,0.02104935,-0.5018955,0.2483461,0.1128407,-0.1980797,0.1206938,0.01197867,-0.03300649,-0.01123163,-0.02253074,-0.05747169,0.1746188,0.07868902,-0.1173874,-0.06901742,-0.0237883,0.1324025
0.2116327,-0.04533879,-0.1889714,0.2411389,0.4518019,0.02430221,-0.5073312,0.2474934,0.1232005,-0.1966956,0.117927,0.01135034,-0.03129,-0.01374488,-0.02186214,-0.05526838,0.1758683,0.07663903,-0.1139316,-0.06715164,-0.02529836,0.131209
0.2037966,-0.04764003,-0.1946352,0.2382773,0.4544493,0.02127998,-0.5093963,0.2366129,0.1253073,-0.2024415,0.116872,0.01165826,-0.03179418,-0.01530328,-0.02024458,-0.05424727,0.1756658,0.07723773,-0.1120963,-0.0612539,-0.0302864,0.1317431
0.1897506,-0.05897326,-0.2026017,0.2521218,0.4275393,0.03843263,-0.5049956,0.215637,0.1451053,-0.2152969,0.1165815,0.01351793,-0.03231929,-0.0187216,-0.01317848,-0.05608254,0.1746896,0.07671947,-0.1087382,-0.06267902,-0.02976779,0.1328706
0.1875763,-0.05255502,-0.1999791,0.2480607,0.4299763,0.04051505,-0.511011,0.215153,0.1450576,-0.213745,0.1172505,0.0156889,-0.02980776,-0.01984812,-0.01528374,-0.05498714,0.1753315,0.07402105,-0.1098138,-0.06438031,-0.02727499,0.1308901
0.1970654,-0.0503497,-0.1918481,0.2423559,0.4447223,0.03053798,-0.519464,0.2118363,0.1239283,-0.2233444,0.1240708,0.01056592,-0.02835874,-0.01462843,-0.01428603,-0.05460357,0.1795823,0.07862466,-0.1028357,-0.05756963,-0.02681964,0.129462
0.1918231,-0.04284458,-0.1874577,0.2409274,0.4468548,0.03997713,-0.5293619,0.2119519,0.1309418,-0.2245481,0.1203943,0.008756847,-0.02902715,-0.01907139,-0.01037666,-0.05644073,0.1813744,0.08011028,-0.1014037,-0.05356835,-0.03011183,0.1271366
0.1826276,-0.04347324,-0.1929116,0.2426413,0.4414959,0.04992023,-0.5327204,0.2092211,0.1357713,-0.2307648,0.1192332,0.006941421,-0.02907652,-0.01995865,-0.007100688,-0.05632515,0.1830384,0.08041815,-0.09762153,-0.05118508,-0.03307459,0.1253439
0.1782421,-0.03814596,-0.1888539,0.2404464,0.4419821,0.05370379,-0.5375748,0.210102,0.1376564,-0.2317889,0.1176936,0.005973551,-0.02812097,-0.0200878,-0.005776061,-0.05597166,0.1831718,0.08153778,-0.09480072,-0.04991066,-0.03376077,0.1220362
0.178017,-0.03436318,-0.1847102,0.2402129,0.4451239,0.05341296,-0.5428397,0.2130227,0.1451543,-0.2344906,0.11788,0.003259181,-0.02791087,-0.01826237,-0.0005716272,-0.05552253,0.1858015,0.07958119,-0.09173895,-0.04719776,-0.03384496,0.1204434
0.1746037,-0.03208441,-0.1852514,0.2355713,0.4457534,0.05828476,-0.5507708,0.2119942,0.148543,-0.2347121,0.1178222,0.003339949,-0.02565995,-0.01967646,-0.0003219334,-0.05373119,0.1870339,0.07842369,-0.09049118,-0.04464241,-0.03255199,0.1170411
0.1739066,-0.0147497,-0.1780872,0.2384401,0.4473554,0.05225785,-0.5430076,0.2225844,0.1693756,-0.2242888,0.1020304,-0.003425095,-0.02402603,-0.01981011,-0.001236819,-0.05110545,0.1840997,0.07483023,-0.0862577,-0.04366857,-0.03546162,0.1171524
0.1671801,-0.02343338,-0.1875178,0.2318879,0.4319922,0.05811686,-0.5575351,0.2206371,0.1747046,-0.2193477,0.109507,-0.007198425,-0.02052798,-0.02197642,0.001707301,-0.05190755,0.188636,0.07635602,-0.08528787,-0.04261157,-0.03931176,0.1136954
0.1635245,-0.02151717,-0.1876329,0.2265914,0.4286304,0.05295198,-0.561604,0.2167627,0.1785965,-0.2202538,0.1148492,-0.007960589,-0.01891786,-0.02057907,0.002926654,-0.0510547,0.1892198,0.07597119,-0.08354473,-0.04558917,-0.03951428,0.112711
0.1647791,-0.01771978,-0.1837468,0.22132,0.4330635,0.03869517,-0.5630681,0.2087065,0.1874609,-0.2186331,0.1163259,-0.004778641,-0.01800153,-0.0189875,0.0003848647,-0.04688056,0.1865933,0.07951253,-0.08634126,-0.0446239,-0.04564403,0.1114828
0.1519349,-0.01980942,-0.190174,0.217398,0.4168497,0.03544128,-0.5613672,0.2046563,0.1987386,-0.225835,0.119196,-0.008887206,-0.01668561,-0.01997177,0.008996489,-0.04692638,0.1862218,0.08062509,-0.08641294,-0.04367404,-0.04847114,0.1116241
0.151449,-0.009132798,-0.1767809,0.2083068,0.4327798,0.01076585,-0.5603396,0.2002838,0.2098983,-0.2174997,0.1191195,-0.007365122,-0.0229796,-0.01734208,0.01262449,-0.0432828,0.1763465,0.0833731,-0.0876104,-0.04497092,-0.05085075,0.1115455
0.1376874,-0.02537544,-0.1951073,0.2030401,0.4170073,0.001987827,-0.5628805,0.1918597,0.219036,-0.2273555,0.1275112,-0.01484448,-0.02079784,-0.01901404,0.02034049,-0.04661022,0.1773905,0.08576185,-0.08675421,-0.0412479,-0.06055899,0.1124407
0.1353063,-0.02500536,-0.1934406,0.199503,0.4129919,-0.001162873,-0.5657175,0.1882051,0.2230117,-0.228794,0.1323829,-0.0153979,-0.01879366,-0.01715716,0.02232994,-0.04671018,0.1787275,0.08830646,-0.0863087,-0.04171895,-0.06353015,0.1105168
0.1236947,-0.03268307,-0.199662,0.1948053,0.4120896,-0.01106179,-0.5779335,0.1710396,0.2048028,-0.2435778,0.1492324,-0.01083562,-0.01889092,-0.009370777,0.0266166,-0.04263817,0.1796867,0.08843712,-0.08842612,-0.0411466,-0.05939315,0.1073021
0.1188234,-0.03194849,-0.199667,0.1924246,0.4051742,-0.01463115,-0.5809883,0.1667645,0.2082496,-0.252551,0.1559386,-0.0109017,-0.01715301,-0.006115634,0.03281905,-0.04119774,0.1821156,0.08759572,-0.08781245,-0.04254064,-0.05818647,0.10929
0.1098513,-0.02292118,-0.1893555,0.1833351,0.4204799,-0.06054182,-0.5629358,0.1444359,0.2139921,-0.2720254,0.155413,-0.003510885,-0.01999321,0.0006684437,0.0275198,-0.03868701,0.1684913,0.09714323,-0.09313044,-0.04324417,-0.0641095,0.1188174
0.1070429,-0.01623499,-0.1780649,0.1743386,0.438697,-0.06883273,-0.5800153,0.1438897,0.1964778,-0.2685793,0.1648285,-0.000865845,-0.0171639,-0.004867508,0.02741093,-0.04347438,0.171516,0.1022531,-0.09494068,-0.04088731,-0.06670938,0.1179984
0.0979498,-0.0389728,-0.2001417,0.1766542,0.4080272,-0.03651322,-0.5961385,0.1420187,0.1995137,-0.2683715,0.175219,-0.001294625,-0.009465684,-0.007809971,0.03252545,-0.04656475,0.1782986,0.09544148,-0.09453725,-0.04002213,-0.06262038,0.1134746
0.08531913,-0.03128707,-0.2049643,0.1808198,0.3922446,-0.04333383,-0.600454,0.1517076,0.2106186,-0.262726,0.1738406,-0.01079528,-0.004165057,-0.01240132,0.02574367,-0.0420833,0.181407,0.09846651,-0.09596124,-0.0386122,-0.06857694,0.1087378
0.08354154,-0.02743617,-0.2069652,0.1766775,0.3813695,-0.05215779,-0.6000154,0.1521775,0.2170068,-0.2633887,0.1777968,-0.0152901,-0.002549447,-0.01117973,0.02731878,-0.04111875,0.1804419,0.0990499,-0.09927139,-0.03903302,-0.07197569,0.1088559
0.067223,-0.02276766,-0.2143182,0.1729367,0.34477,-0.05589651,-0.5949278,0.1508743,0.2241209,-0.2799566,0.1840573,-0.02136832,-0.001457091,-0.009669438,0.04338077,-0.04225968,0.1793668,0.09790808,-0.1027516,-0.04475315,-0.06941437,0.1120793
0.06175026,0.008608495,-0.1717723,0.1484881,0.4014629,-0.1041884,-0.587611,0.1489836,0.2166789,-0.2815213,0.18428,-0.01641381,-0.009871109,0.00572722,0.04476552,-0.03702937,0.1700224,0.1026626,-0.1074719,-0.04411876,-0.07152387,0.107922
0.06191388,0.01424954,-0.1657981,0.1324182,0.4025519,-0.103926,-0.6033173,0.1520118,0.2161722,-0.2734045,0.1895129,-0.01483139,-0.006508004,-0.0007905078,0.04762799,-0.03789126,0.1693652,0.1048423,-0.1095457,-0.04321439,-0.06878776,0.1010706
0.05168751,0.009065412,-0.1750628,0.1365154,0.3755046,-0.09441581,-0.6071296,0.1557726,0.2267792,-0.273832,0.1957141,-0.0203863,0.0003111704,-0.003356223,0.04815051,-0.0361455,0.1744166,0.1044009,-0.1113041,-0.04516366,-0.06779592,0.09956173
0.04509928,0.005571552,-0.1851463,0.144029,0.3444937,-0.08568707,-0.6032734,0.1643955,0.2553379,-0.2729388,0.1925838,-0.02880588,0.003947944,-0.002664626,0.05324851,-0.0374733,0.1770611,0.1061218,-0.1111457,-0.04710127,-0.07357278,0.1046084
0.02039399,0.009624131,-0.1994046,0.1374265,0.3217447,-0.09169293,-0.5983565,0.1595368,0.2634369,-0.2762298,0.1908755,-0.03175968,0.006872883,-0.001331406,0.05515828,-0.03367214,0.1776192,0.1078862,-0.1178289,-0.04453908,-0.07514946,0.1022455
0.01960319,0.03752164,-0.1745642,0.1260762,0.3644748,-0.1436184,-0.5793485,0.1488082,0.2676139,-0.279064,0.1798199,-0.02787571,0.0001046311,0.009322458,0.05522845,-0.02564156,0.1652619,0.1153627,-0.1160487,-0.04143566,-0.07612818,0.1041037
0.02040354,0.04779357,-0.1695634,0.1185845,0.3665275,-0.1517505,-0.5834281,0.148471,0.2661454,-0.2755206,0.1803206,-0.03069226,0.003145986,0.01048135,0.05537796,-0.02362303,0.1652763,0.11573,-0.1154203,-0.04015474,-0.07413556,0.1020367
0.01697719,0.05582332,-0.1613632,0.1124947,0.3695431,-0.1601807,-0.5895292,0.1448507,0.2620825,-0.2785244,0.1902501,-0.03144722,0.003336136,0.0149253,0.05911363,-0.02349843,0.1664206,0.1157032,-0.1208695,-0.04193496,-0.07090449,0.1011158
0.01168013,0.04144752,-0.1748423,0.1197053,0.3220947,-0.1281261,-0.5996155,0.1529868,0.2707404,-0.2757243,0.2068626,-0.03763023,0.01503181,0.01378695,0.05416863,-0.02615862,0.1766567,0.1140224,-0.1241404,-0.04953935,-0.07407961,0.09818473
0.01748106,0.02567261,-0.1816944,0.110054,0.3182051,-0.1411601,-0.5921416,0.1490312,0.2649963,-0.2739863,0.2095562,-0.04854993,0.008767569,0.01218143,0.0661015,-0.03173433,0.1774458,0.1108788,-0.1178818,-0.05035472,-0.0729447,0.1046022
0.02439611,0.001349432,-0.1944059,0.1037512,0.3097222,-0.1464794,-0.5989921,0.1419807,0.2563659,-0.2833365,0.2262965,-0.05863873,0.006163953,0.01566107,0.06835149,-0.03154842,0.1830036,0.1077451,-0.1150569,-0.05417607,-0.06902773,0.1107308
0.02804931,-0.0006145388,-0.1835161,0.09021347,0.3029471,-0.1530241,-0.6023673,0.1518196,0.2593164,-0.2779054,0.2381474,-0.06498838,0.002748601,0.01470911,0.07893785,-0.0326995,0.1807255,0.101293,-0.1178174,-0.06952566,-0.0603646,0.1177159
0.06764594,0.02776738,-0.1447362,0.06816205,0.3370009,-0.1891214,-0.5860391,0.1497235,0.287888,-0.2665034,0.2207456,-0.06227602,-0.005442357,0.02587068,0.08540401,-0.0338493,0.170717,0.1022657,-0.1180239,-0.07449649,-0.06470542,0.1272672
0.07591485,0.01149756,-0.1490053,0.06573414,0.3183008,-0.1997479,-0.5840873,0.1490245,0.2883097,-0.2705561,0.2287206,-0.07308064,-0.009312529,0.02414455,0.09813865,-0.03850291,0.1666904,0.09873749,-0.1126562,-0.07833493,-0.06447606,0.1338611
0.09051462,-0.007242064,-0.1646908,0.05886252,0.3273588,-0.2111506,-0.5879938,0.1409736,0.2707346,-0.2709171,0.2375498,-0.08686423,-0.01007496,0.02055541,0.08962935,-0.04473951,0.1660793,0.1018226,-0.1047534,-0.06958975,-0.06851286,0.134524
0.09504446,-0.04529863,-0.1961493,0.06439141,0.2735554,-0.1859264,-0.5872419,0.1386266,0.2735421,-0.2693374,0.2586899,-0.1005837,-0.00562704,0.0177831,0.09109956,-0.04836747,0.1743669,0.09240784,-0.101997,-0.07491249,-0.06736155,0.1336937
0.08625287,-0.03424386,-0.1814217,0.05391256,0.2576683,-0.1791405,-0.5860718,0.1519143,0.2967894,-0.2519934,0.2569208,-0.1134267,-0.006333733,0.01329435,0.1002171,-0.0548838,0.1675233,0.08964488,-0.09850333,-0.08612432,-0.0645917,0.128544
0.09727209,-0.04995043,-0.1880886,0.03846183,0.2486281,-0.2048093,-0.5736238,0.1471796,0.2988247,-0.2588465,0.2661254,-0.1271749,-0.01325954,0.01702842,0.1165174,-0.05460085,0.165802,0.08622992,-0.09669923,-0.08348632,-0.06136411,0.1335528
0.110463,-0.06683443,-0.200081,0.03306918,0.2368277,-0.2039943,-0.5721132,0.1423523,0.3099504,-0.2567492,0.268558,-0.1359774,-0.009287674,0.01412426,0.1163986,-0.05364906,0.1684092,0.0826164,-0.08852436,-0.08017378,-0.0583654,0.1338655
0.1056166,-0.08160517,-0.2099047,0.0261754,0.2328825,-0.2101166,-0.5849059,0.1293468,0.28585,-0.2756316,0.2907366,-0.1362199,-0.009822517,0.02072795,0.1213279,-0.05247622,0.1733651,0.08104227,-0.08813208,-0.08117891,-0.05564984,0.1353538
0.1101024,-0.08394416,-0.209581,0.0200767,0.2282206,-0.2056012,-0.5829121,0.1331829,0.302473,-0.2643866,0.2856523,-0.1422143,-0.00809068,0.0164229,0.1200916,-0.05620499,0.1706166,0.08298907,-0.08485761,-0.07898441,-0.06149759,0.1360466
0.1284835,-0.06831624,-0.1877611,-0.001506618,0.2714673,-0.2378401,-0.5782117,0.1217843,0.2996698,-0.2603098,0.2794949,-0.1355317,-0.01563711,0.02068067,0.1223534,-0.05318481,0.1611059,0.08394048,-0.07969398,-0.08173614,-0.05553154,0.1393504
0.1197285,-0.0878837,-0.2071026,-0.01134498,0.2333166,-0.214771,-0.5905657,0.1298728,0.3032399,-0.2699015,0.2889371,-0.1438015,-0.006718904,0.00958597,0.1248478,-0.05562484,0.1627928,0.08521929,-0.08193757,-0.07653712,-0.05538743,0.1336991
0.1189878,-0.1002682,-0.2247557,-0.01524794,0.2020923,-0.196667,-0.5911494,0.1312637,0.3236322,-0.2570161,0.2831229,-0.1563349,0.001149808,-0.0005432355,0.123541,-0.0569145,0.1643371,0.08233688,-0.07656699,-0.07240844,-0.05583007,0.1298863
0.1132407,-0.1123019,-0.2270731,-0.02933234,0.2072159,-0.1970046,-0.5999091,0.1286996,0.3150661,-0.271124,0.2960088,-0.1611909,0.0005190931,0.003604134,0.1279688,-0.05593005,0.1676745,0.08509792,-0.07651921,-0.07097154,-0.05752739,0.1307996
0.1069376,-0.1032484,-0.2178003,-0.03886501,0.2037874,-0.1977365,-0.5980515,0.1238732,0.3231257,-0.2707293,0.2962207,-0.1680347,0.0005258012,0.00610758,0.1389522,-0.05543414,0.163712,0.08259673,-0.06491943,-0.07398049,-0.05046993,0.1270462
0.1063429,-0.1036971,-0.2173986,-0.04901788,0.1989941,-0.1942459,-0.6018452,0.1267228,0.3246509,-0.267794,0.2938837,-0.1765181,0.003908772,0.001186124,0.1392647,-0.05795424,0.1610588,0.08472597,-0.05944854,-0.06927533,-0.05067688,0.124036
0.09946954,-0.1074262,-0.2241954,-0.05827573,0.1874898,-0.1782957,-0.611653,0.1389254,0.3318651,-0.2553646,0.2915719,-0.1830617,0.009123678,-0.01271791,0.1376041,-0.06054142,0.1624728,0.08868613,-0.05478435,-0.06481258,-0.04928708,0.1157677
0.09434605,-0.09969229,-0.2230573,-0.06263068,0.1807935,-0.1726118,-0.6130465,0.1457032,0.3467503,-0.2526493,0.2834597,-0.1859549,0.01450193,-0.01957674,0.1378497,-0.05951347,0.1619192,0.08845484,-0.04876783,-0.06267903,-0.046212,0.1089744
0.09838784,-0.1159076,-0.22222,-0.07069334,0.1880783,-0.1857141,-0.6132005,0.1285802,0.3152328,-0.2850382,0.3010803,-0.1776567,0.009349226,-0.01062895,0.1389368,-0.06159321,0.1596384,0.09389183,-0.04923768,-0.06574104,-0.04241696,0.1154659
0.08507469,-0.1010035,-0.214626,-0.06669205,0.1877507,-0.1844994,-0.5960231,0.1328249,0.325153,-0.2928793,0.2871436,-0.1667988,0.008820664,-0.01291865,0.1374937,-0.06298173,0.1544793,0.1005149,-0.05142,-0.06611688,-0.0426537,0.111212
0.09090838,-0.1034116,-0.2080854,-0.06530104,0.1753227,-0.1783639,-0.5900761,0.118555,0.3216623,-0.2997752,0.2876857,-0.1749734,0.004409407,-0.01682448,0.1555548,-0.06823672,0.1498809,0.1079563,-0.04272655,-0.06376416,-0.04001549,0.1089925
0.09708706,-0.1138818,-0.2115312,-0.06077055,0.1551372,-0.1581908,-0.5850702,0.1323263,0.322999,-0.2979712,0.2885371,-0.1735258,0.007371248,-0.02554659,0.1508543,-0.07079061,0.1529287,0.1103135,-0.04377183,-0.06603667,-0.04223382,0.1042565
0.09822191,-0.1296574,-0.2317777,-0.06088371,0.132849,-0.1430301,-0.5844668,0.1342817,0.3258717,-0.2895442,0.2882291,-0.1783592,0.012743,-0.03366157,0.1466836,-0.07194278,0.1575254,0.1075022,-0.03915443,-0.0644575,-0.03883943,0.1015339
0.09836785,-0.1320543,-0.2368647,-0.06277619,0.1306901,-0.1427892,-0.5824483,0.1303632,0.325175,-0.2898814,0.2879845,-0.1773481,0.01546172,-0.03430058,0.1425223,-0.07002421,0.1562789,0.1065459,-0.03971116,-0.06182851,-0.03617279,0.1029537
0.0986573,-0.1352576,-0.2343074,-0.06718487,0.1445892,-0.1667292,-0.5701652,0.1180516,0.3215056,-0.3019129,0.2919828,-0.1722302,0.01166607,-0.02837678,0.1443408,-0.06719548,0.1494684,0.108633,-0.04180865,-0.06049106,-0.03409674,0.10704
0.09617868,-0.1458762,-0.2442222,-0.0688234,0.1370264,-0.1701996,-0.5592968,0.1061029,0.3221979,-0.3120809,0.2931912,-0.1748113,0.01350969,-0.02721025,0.1490061,-0.06776737,0.1452906,0.1070808,-0.03900035,-0.05707183,-0.02813264,0.111016
0.09850881,-0.1490718,-0.2452767,-0.07034826,0.1352168,-0.1639522,-0.560033,0.1085517,0.3245706,-0.3111948,0.2954104,-0.1768204,0.01510168,-0.02984529,0.1491107,-0.0691317,0.1461151,0.1073189,-0.03586124,-0.05676965,-0.02453182,0.1113317
0.1041978,-0.1590569,-0.2513097,-0.06867229,0.1274432,-0.1624779,-0.5596957,0.1048011,0.3271437,-0.3120448,0.3023042,-0.1789725,0.0132413,-0.02504275,0.1532078,-0.0671494,0.1481586,0.1037841,-0.03709234,-0.05824189,-0.0246242,0.1146756
0.1040202,-0.1748239,-0.2717214,-0.06488422,0.1055588,-0.1430757,-0.5607681,0.1084432,0.333387,-0.3052976,0.3043147,-0.1848093,0.0171732,-0.02700211,0.1493401,-0.06782211,0.1549032,0.1028896,-0.03777422,-0.05355142,-0.02752159,0.1151992
0.1109656,-0.1845578,-0.2799158,-0.06506807,0.09633082,-0.1401107,-0.5556584,0.1051171,0.3329866,-0.3014705,0.3033184,-0.1864478,0.01860267,-0.02898593,0.1458649,-0.06722742,0.1556817,0.1005736,-0.03256777,-0.05265309,-0.02229382,0.1147748
0.1075181,-0.178082,-0.2798911,-0.05842384,0.0876359,-0.1351003,-0.55251,0.1003685,0.3379734,-0.3109224,0.3029496,-0.1823112,0.01990893,-0.02586894,0.1463717,-0.06614145,0.1597891,0.1013973,-0.03231186,-0.05345814,-0.02039922,0.1140457
0.1119779,-0.1736031,-0.2791818,-0.05330097,0.07466053,-0.1286458,-0.5408932,0.1040112,0.3618422,-0.2982691,0.2906731,-0.1829006,0.02270707,-0.0283737,0.1441923,-0.06668474,0.1577578,0.09980226,-0.03259027,-0.05306046,-0.0221132,0.1133671
0.1017763,-0.1841736,-0.2951443,-0.05529156,0.05561188,-0.1270097,-0.5220018,0.09085685,0.3757896,-0.3157084,0.2914457,-0.1863312,0.02033927,-0.02314494,0.1510758,-0.06564596,0.1558693,0.09963103,-0.03139391,-0.05065525,-0.020059,0.1195912
0.1009919,-0.1829915,-0.2942187,-0.04897956,0.04680909,-0.1235401,-0.5161685,0.08571416,0.3788204,-0.3131017,0.293112,-0.1884815,0.01776296,-0.01864227,0.1531578,-0.06433576,0.1583699,0.09568173,-0.02970399,-0.05450349,-0.01855572,0.1184207
0.1006148,-0.1863809,-0.2995476,-0.04795712,0.04067604,-0.1185732,-0.5088422,0.08251095,0.3842916,-0.3093527,0.2892162,-0.1875985,0.01742328,-0.02125248,0.1502928,-0.06362045,0.1572061,0.09387206,-0.03002785,-0.05540536,-0.017119,0.1195183
0.0963707,-0.1871596,-0.3048588,-0.04496865,0.03343469,-0.1123262,-0.5070567,0.08632649,0.3869942,-0.3091006,0.2926422,-0.1852762,0.01829607,-0.02077124,0.1539912,-0.06402147,0.1603793,0.09145472,-0.03274184,-0.0590905,-0.0144429,0.1181164
0.09945428,-0.1818282,-0.3115865,-0.04144059,0.02802543,-0.111457,-0.5055879,0.08652806,0.3864498,-0.3032257,0.2852513,-0.1828884,0.02150278,-0.02449351,0.1477476,-0.06036923,0.1639526,0.09058141,-0.02850581,-0.05844764,-0.01038321,0.1149352
0.09560823,-0.1869397,-0.3168116,-0.03953438,0.03028641,-0.1091602,-0.503731,0.08203218,0.3842909,-0.3121295,0.2880116,-0.1789018,0.02244183,-0.02173893,0.1491483,-0.06232313,0.166246,0.09030837,-0.02930322,-0.05840949,-0.008674198,0.1165604
0.09490695,-0.2056654,-0.3262552,-0.04442001,0.03020069,-0.1159912,-0.5044851,0.07554055,0.3672198,-0.3238841,0.3014563,-0.1728632,0.01915248,-0.02051521,0.1515144,-0.06108937,0.1653306,0.08905926,-0.03196612,-0.0607614,-0.005892406,0.1182372
0.09480491,-0.2002785,-0.3219699,-0.0439329,0.02000135,-0.1084617,-0.5037279,0.07633372,0.3751957,-0.3241959,0.3031743,-0.1707662,0.01919614,-0.02140255,0.153761,-0.0580885,0.1693913,0.087231,-0.04087235,-0.06475543,-0.004423641,0.1179266
0.0920217,-0.2101186,-0.3363688,-0.03981528,0.01103307,-0.1098372,-0.4871701,0.06831244,0.3868617,-0.3308651,0.2999366,-0.1705591,0.01821804,-0.02244925,0.1543597,-0.05455155,0.1653402,0.08533335,-0.04213738,-0.0635406,-0.0001889976,0.1229993
0.09102759,-0.2095312,-0.3396378,-0.03875402,0.004437552,-0.1081579,-0.4837803,0.06393126,0.3872001,-0.3333134,0.3003372,-0.1690578,0.01895971,-0.02121174,0.1547141,-0.05354131,0.1669797,0.0842487,-0.04437877,-0.06436255,0.0004430363,0.1244017
0.08117151,-0.1998687,-0.3380564,-0.03912736,-0.002847703,-0.101952,-0.4842552,0.06649303,0.3858769,-0.3359784,0.3029201,-0.1660941,0.02063636,-0.02261699,0.1548039,-0.05223016,0.1730672,0.08500922,-0.04907488,-0.06690638,-0.0002421352,0.1231032
0.07959803,-0.1973703,-0.3445702,-0.03843546,-0.00973093,-0.1007177,-0.4855708,0.06024161,0.3757388,-0.3403789,0.3076784,-0.1629452,0.02235714,-0.0178983,0.1556873,-0.05131708,0.1746625,0.07969055,-0.05237159,-0.07004132,0.004489248,0.1255244
0.07863923,-0.1966394,-0.3487724,-0.03815677,-0.01420473,-0.09787133,-0.4811067,0.05945277,0.3797604,-0.3432636,0.3033527,-0.1610696,0.02264531,-0.01966818,0.1547168,-0.04980594,0.1763658,0.07954734,-0.05225432,-0.06913826,0.004831562,0.1257199
0.0760672,-0.1873008,-0.3473555,-0.0367626,-0.02353183,-0.09387427,-0.4753517,0.05865538,0.3844162,-0.344609,0.2988031,-0.1550854,0.02392409,-0.01762931,0.15447,-0.04481703,0.1802792,0.07610025,-0.05430824,-0.07214137,0.005799996,0.1228893
0.0866479,-0.1765131,-0.3485405,-0.03358437,-0.03860844,-0.0861759,-0.4704606,0.07788277,0.4155964,-0.3171918,0.2824087,-0.1591592,0.02836787,-0.02355812,0.1493017,-0.04117402,0.1847467,0.06993327,-0.05694254,-0.07098707,0.003977732,0.1198631
0.0823963,-0.180301,-0.3632055,-0.03067987,-0.04988552,-0.09816446,-0.4635272,0.06681698,0.4152149,-0.3188249,0.28208,-0.1626202,0.03045044,-0.01931797,0.1452269,-0.03610261,0.1836431,0.06548109,-0.05940129,-0.06741879,0.007527057,0.1246735
0.08042646,-0.1806843,-0.3688703,-0.03515701,-0.05209475,-0.1015543,-0.4639885,0.06319962,0.4156785,-0.3200422,0.2838568,-0.1642837,0.03157746,-0.01671625,0.145051,-0.03466832,0.1824554,0.06232764,-0.05938119,-0.06679189,0.009352606,0.1283083
0.08046395,-0.1889562,-0.3775631,-0.03653446,-0.0497398,-0.1082799,-0.464191,0.06044857,0.4103052,-0.3316846,0.2901064,-0.1591646,0.03235028,-0.01122006,0.1436916,-0.03426726,0.1832385,0.0612696,-0.06100195,-0.06600136,0.0102912,0.1314851
0.07097024,-0.1998246,-0.392052,-0.03282367,-0.06054178,-0.1263085,-0.4447636,0.04044702,0.4208539,-0.3487591,0.2849562,-0.1582149,0.03140832,-0.006378143,0.1469872,-0.02991943,0.1802052,0.05934555,-0.06495442,-0.06234762,0.01281643,0.1417384
0.06340499,-0.2083339,-0.4104302,-0.04036561,-0.0541063,-0.1274074,-0.4480303,0.04065816,0.4186431,-0.3366723,0.2837957,-0.1628618,0.033364,-0.009013936,0.1417426,-0.0279316,0.1796933,0.05321397,-0.06757635,-0.0615168,0.01951551,0.1443834
0.06658391,-0.2097207,-0.4156804,-0.03919189,-0.05307856,-0.127868,-0.4492176,0.04606284,0.4199943,-0.3342867,0.2829189,-0.1573431,0.03317306,-0.01075516,0.1406118,-0.02630321,0.1805256,0.05031976,-0.0672591,-0.06213129,0.02150129,0.1446771
0.05598807,-0.219716,-0.4262182,-0.04486942,-0.05367965,-0.1379837,-0.4568156,0.04470865,0.3933938,-0.329411,0.2998712,-0.1575242,0.03313955,-0.01136974,0.1365551,-0.02289758,0.1820939,0.04425595,-0.07225381,-0.06663261,0.02804078,0.1456115
0.04555396,-0.2272151,-0.4321764,-0.04895222,-0.05665706,-0.1453883,-0.4589663,0.03020159,0.3713716,-0.3394771,0.3091514,-0.1566109,0.03228351,-0.00613549,0.1368729,-0.02243791,0.1846309,0.04189557,-0.07434063,-0.06554768,0.03259641,0.14959
0.04215437,-0.2200864,-0.4364727,-0.04757908,-0.06406724,-0.1534962,-0.4564497,0.02157197,0.3609886,-0.3399859,0.307968,-0.1555098,0.03418447,-0.002674485,0.1337071,-0.02077126,0.1871692,0.04011312,-0.0745419,-0.06547243,0.03191953,0.1506689
0.0386349,-0.2150872,-0.4446024,-0.04383086,-0.06370909,-0.1600329,-0.4532695,0.02249212,0.3634405,-0.3357657,0.3070223,-0.1545738,0.03612939,-0.0001285896,0.1313243,-0.01992838,0.1898804,0.04005954,-0.0749963,-0.06339911,0.03156906,0.1516653
0.03163555,-0.2035419,-0.4554421,-0.04045465,-0.07606146,-0.1524045,-0.4536886,0.03589988,0.3637519,-0.3217602,0.3082899,-0.1540589,0.03882481,-0.001931606,0.1227465,-0.01772003,0.1925039,0.03674675,-0.07833625,-0.06983904,0.03732456,0.1460349
0.02865891,-0.2038223,-0.4598951,-0.04264054,-0.08256548,-0.1515737,-0.4495929,0.03356503,0.3622081,-0.3162305,0.3063065,-0.15387,0.04106768,-0.001911271,0.1201479,-0.01313062,0.1967006,0.03055572,-0.08101899,-0.07164828,0.04218531,0.1464199
0.02704149,-0.1989722,-0.4641288,-0.04120267,-0.09110282,-0.1480433,-0.4461253,0.03407907,0.3654148,-0.3131858,0.3017046,-0.1472852,0.04363484,-0.00273162,0.1184248,-0.009637862,0.1980835,0.02891659,-0.08480788,-0.07274589,0.04532325,0.1443132
0.02510242,-0.1795433,-0.4581475,-0.03184581,-0.0981399,-0.1401708,-0.4362125,0.03955993,0.3940742,-0.3028118,0.2807308,-0.143244,0.04499068,-0.006283349,0.1142549,-0.007061802,0.200005,0.03160835,-0.08930799,-0.07150403,0.04302866,0.1401347
0.01630638,-0.1753435,-0.4669533,-0.02692834,-0.1025912,-0.1362412,-0.4372107,0.04419817,0.3962923,-0.2926263,0.277472,-0.1399701,0.0459974,-0.006211384,0.1091677,-0.002319218,0.2017985,0.02896172,-0.09794097,-0.07466051,0.04599799,0.1351396
0.009496356,-0.1635112,-0.4696453,-0.02807145,-0.1029481,-0.1322668,-0.4390576,0.04467334,0.3923027,-0.288392,0.2703148,-0.1335752,0.04798378,-0.01012935,0.1059369,0.002227671,0.2018183,0.02659765,-0.09764131,-0.07533931,0.05018526,0.1330197
0.003118894,-0.1551924,-0.4730064,-0.02686071,-0.1063195,-0.1329765,-0.4353529,0.03860105,0.391921,-0.2834577,0.266077,-0.1274133,0.0479955,-0.01042962,0.1028044,0.005613791,0.2000248,0.02544977,-0.1004496,-0.07648482,0.05062889,0.1307994
-0.002306934,-0.1554048,-0.4775341,-0.02497545,-0.1056428,-0.132099,-0.4386271,0.03281907,0.3834727,-0.2808627,0.2665169,-0.1212215,0.04735551,-0.007478745,0.1023249,0.005714869,0.2015889,0.02322,-0.1079609,-0.07788008,0.05378576,0.1317073
-0.004934099,-0.1440554,-0.4832525,-0.01314025,-0.1160391,-0.1266267,-0.4332601,0.03581652,0.3876149,-0.2809104,0.260738,-0.1106813,0.04913392,-0.005896322,0.09331086,0.01185579,0.2066023,0.02115376,-0.1144222,-0.08267211,0.0584791,0.1274315
-0.01051797,-0.1414218,-0.4834603,-0.008091356,-0.1175262,-0.1305759,-0.4255766,0.02977952,0.3860035,-0.2838646,0.257649,-0.1034532,0.04889552,-0.003700563,0.0919998,0.01297738,0.2054995,0.02300303,-0.1196559,-0.0824312,0.05615057,0.1278265
-0.01366399,-0.1253305,-0.4820726,0.00188262,-0.1313357,-0.1259432,-0.421854,0.02036376,0.3719296,-0.2849464,0.2609106,-0.09703472,0.05283724,0.007700711,0.0837388,0.0163682,0.2055611,0.0175422,-0.1275662,-0.09116135,0.06084071,0.1264559
-0.01430533,-0.123305,-0.4879856,0.01670088,-0.1443314,-0.1343791,-0.4024428,0.01450836,0.3841702,-0.2881862,0.2502441,-0.09501275,0.0513383,0.008026307,0.08260418,0.02341885,0.2058979,0.0167488,-0.1336576,-0.0893487,0.06285152,0.1248029
-0.02471381,-0.1090486,-0.4908327,0.02256112,-0.1491206,-0.1296859,-0.4003678,0.01168282,0.3763987,-0.2736143,0.2437807,-0.0890328,0.05413465,0.008716948,0.07358239,0.0302876,0.2077896,0.00979676,-0.1346703,-0.09545362,0.07118454,0.1201643
-0.01911985,-0.1069828,-0.4887912,0.02007094,-0.1308782,-0.1231375,-0.4208517,0.03138559,0.353965,-0.2539443,0.2489616,-0.08573034,0.05686694,0.004542961,0.06480276,0.02530581,0.2108366,0.01296072,-0.1311101,-0.09446748,0.0689522,0.1153996
-0.02566992,-0.1163113,-0.4944104,0.01340691,-0.1293966,-0.1318103,-0.4206109,0.02884207,0.3484831,-0.2596127,0.2586804,-0.08785691,0.05789192,0.007942601,0.06386591,0.02092934,0.2082659,0.01580498,-0.1353238,-0.09204499,0.06209647,0.1164645
-0.03211228,-0.1218157,-0.4988644,0.008924522,-0.1291346,-0.1422114,-0.4149123,0.02699298,0.3466329,-0.2580609,0.2581141,-0.08572898,0.05700184,0.006577857,0.06142884,0.02190488,0.2069907,0.01579242,-0.1348975,-0.0908461,0.05872731,0.1169532
-0.04172084,-0.1462115,-0.509628,0.005166868,-0.1356515,-0.1569915,-0.4000192,0.025405,0.3595977,-0.2696103,0.2635665,-0.08265161,0.05112254,0.008114546,0.06743199,0.01908945,0.2050721,0.01972162,-0.1457811,-0.08833814,0.04942514,0.12236
-0.04101672,-0.153937,-0.5065546,0.002637376,-0.1298015,-0.1660483,-0.3971268,0.03439978,0.3681146,-0.2695002,0.266991,-0.07506175,0.04724162,0.009397383,0.06504513,0.01833466,0.2038566,0.02396468,-0.154575,-0.08741436,0.03985249,0.1216667
-0.05029875,-0.159473,-0.5113238,-0.005327839,-0.1232146,-0.1726151,-0.3981715,0.03773129,0.3667252,-0.264477,0.2753721,-0.07759093,0.04610227,0.01051815,0.0637025,0.01600193,0.2043141,0.02665051,-0.1566005,-0.08574861,0.03563832,0.1220736
-0.04928575,-0.1651451,-0.510327,-0.01087478,-0.123566,-0.1777437,-0.3908031,0.0461709,0.371375,-0.2515385,0.2760909,-0.08230761,0.04327474,0.00992943,0.06266454,0.01436904,0.2025153,0.02534319,-0.1577514,-0.08669751,0.03003486,0.1218662
-0.0522128,-0.1664512,-0.5081507,-0.01894711,-0.1229372,-0.1798394,-0.3936298,0.05179304,0.3640536,-0.244489,0.2799349,-0.08220825,0.04494451,0.007072767,0.05904849,0.01214006,0.201655,0.02613967,-0.1587161,-0.08778549,0.02951524,0.1186844
-0.05206979,-0.1672371,-0.5044183,-0.03110571,-0.1117407,-0.1769987,-0.40149,0.06696745,0.3530715,-0.226668,0.279938,-0.07869962,0.04790808,0.0004256616,0.04749286,0.01100191,0.2005443,0.02803575,-0.159597,-0.08801012,0.03057354,0.1122148
-0.0524139,-0.1953808,-0.5186587,-0.02997821,-0.1203623,-0.1939172,-0.375992,0.05860708,0.3637263,-0.2372528,0.2849776,-0.08674705,0.03985791,0.004304679,0.05964664,0.007781287,0.200101,0.02728095,-0.1646683,-0.08515916,0.0238812,0.1237725
-0.06440893,-0.2005343,-0.5145691,-0.03386993,-0.1147399,-0.2024044,-0.368588,0.05699636,0.368109,-0.2410433,0.28753,-0.07973979,0.03633516,0.009005318,0.05693829,0.008153404,0.1983713,0.02954644,-0.1706333,-0.08667769,0.0222719,0.1208694
-0.07179409,-0.2012453,-0.5177003,-0.0383874,-0.116874,-0.2021341,-0.3619991,0.0600492,0.3564616,-0.2280321,0.2826,-0.07227761,0.03579264,0.002681497,0.04853857,0.01101487,0.1954789,0.02794732,-0.1755659,-0.08555665,0.02272814,0.1164136
-0.07047234,-0.206192,-0.514708,-0.03789141,-0.1180385,-0.2088814,-0.353991,0.05959423,0.3494793,-0.2274443,0.2846345,-0.07224569,0.03373275,0.002657862,0.04834292,0.008087173,0.1955722,0.03045776,-0.1810348,-0.08545225,0.02078667,0.1167502
-0.0802154,-0.2081061,-0.5103379,-0.04026627,-0.1120813,-0.2111495,-0.3477588,0.06002176,0.3429266,-0.217101,0.2864085,-0.0714898,0.02933854,0.002400848,0.04931426,0.004811404,0.1933343,0.03180837,-0.1848889,-0.08676799,0.01707571,0.1148175
-0.08849921,-0.2149192,-0.5085197,-0.04371248,-0.1092301,-0.2292898,-0.3124324,0.03784081,0.3532197,-0.2343785,0.2739419,-0.07021875,0.02503201,-0.0003664891,0.05276032,0.004227749,0.1921576,0.03609704,-0.1908835,-0.08209256,0.01117638,0.116392
-0.09136502,-0.2221621,-0.5132859,-0.0467158,-0.1124847,-0.2242769,-0.3217251,0.05059947,0.3400031,-0.2272633,0.2786347,-0.06704012,0.02527531,-0.00552207,0.04863703,-0.0005797744,0.1921062,0.03950525,-0.1953272,-0.07914367,0.006400408,0.1151495
-0.09889561,-0.2368137,-0.520134,-0.05015193,-0.1070257,-0.2301824,-0.3114803,0.04931394,0.3294385,-0.2129546,0.2800972,-0.06483823,0.02073891,-0.006564219,0.04381905,-0.001892706,0.1883793,0.03925374,-0.1964837,-0.07908949,0.003087648,0.1139665
-0.1079933,-0.2341927,-0.5190985,-0.05193402,-0.1077257,-0.233705,-0.3085704,0.0539519,0.3194885,-0.204725,0.2801719,-0.06150678,0.01984748,-0.00776975,0.04166365,-0.001580714,0.1869856,0.03939902,-0.1989133,-0.08027045,0.002629759,0.1127389
-0.111585,-0.2339872,-0.5188033,-0.05374039,-0.1103954,-0.2345366,-0.3022912,0.05660506,0.3168745,-0.1920874,0.2813881,-0.06243901,0.01925568,-0.009765521,0.03763833,-0.001370014,0.1846301,0.03959459,-0.2041935,-0.08076043,-0.0001848452,0.1077108
-0.1163489,-0.228809,-0.5046118,-0.05888483,-0.1094558,-0.2478964,-0.2770219,0.04337847,0.3181273,-0.2030947,0.2754643,-0.06375089,0.01913708,-0.01239929,0.04425466,-0.001985161,0.1877883,0.03991449,-0.2115871,-0.08080249,0.001168754,0.1090735
-0.1201019,-0.2324493,-0.504507,-0.06172475,-0.1126072,-0.2376351,-0.2819125,0.05901055,0.3129679,-0.192743,0.2799523,-0.05818195,0.01616023,-0.01285058,0.04253916,-0.00505444,0.1855873,0.04293589,-0.2204552,-0.08328704,-0.005108787,0.1072228
-0.1267213,-0.2406035,-0.5037759,-0.06175639,-0.1148972,-0.2433924,-0.2671752,0.05539598,0.3103352,-0.1911966,0.2800182,-0.05683996,0.01290806,-0.01161126,0.0444621,-0.004709432,0.1857617,0.04170874,-0.2257353,-0.08594588,-0.004069382,0.1097648
-0.1344648,-0.2377188,-0.5017923,-0.06755363,-0.1147592,-0.2444714,-0.2605102,0.05294546,0.2970296,-0.1788975,0.2777747,-0.05775985,0.01285343,-0.01358325,0.04035442,-0.003956082,0.184792,0.04329174,-0.228778,-0.08616633,-0.001778721,0.1059763
-0.1437175,-0.2515836,-0.5047532,-0.06455999,-0.1204146,-0.2621645,-0.2333597,0.04453024,0.2992924,-0.1920577,0.2773078,-0.05711497,0.007313779,-0.01005612,0.04636722,-0.003855811,0.1852055,0.04112262,-0.23206,-0.08561579,-0.0006546912,0.108802
